# TougeSpotter road recording
# track: ek_akagi_freeroam
# points: 1970
# format: x y z (world metres, in driving order)
970.426 178.767 -779.992
968.534 178.611 -777.618
966.693 178.458 -775.223
964.921 178.303 -772.785
963.083 178.149 -770.260
961.281 177.996 -767.746
959.517 177.846 -765.302
957.719 177.695 -762.859
955.879 177.543 -760.431
953.990 177.391 -758.049
951.950 177.231 -755.596
949.894 177.073 -753.218
947.858 176.919 -750.927
945.704 176.757 -748.555
943.604 176.599 -746.286
941.400 176.434 -743.948
939.284 176.278 -741.739
937.084 176.121 -739.474
934.821 175.961 -737.165
932.670 175.803 -734.982
930.450 175.632 -732.734
928.175 175.463 -730.430
925.867 175.299 -728.095
923.700 175.145 -725.903
921.525 174.991 -723.704
919.284 174.832 -721.443
917.018 174.671 -719.159
914.701 174.507 -716.829
912.378 174.336 -714.497
910.058 174.146 -712.174
907.936 173.948 -710.055
905.773 173.732 -707.901
903.570 173.500 -705.714
901.364 173.251 -703.529
899.114 173.002 -701.307
896.830 172.752 -699.057
894.494 172.497 -696.761
892.158 172.241 -694.466
889.789 171.982 -692.144
887.649 171.748 -690.047
885.451 171.508 -687.898
883.268 171.270 -685.768
881.053 171.028 -683.610
878.803 170.783 -681.422
876.551 170.538 -679.235
874.260 170.288 -677.013
871.946 170.037 -674.770
869.606 169.782 -672.504
867.243 169.525 -670.217
864.873 169.268 -667.923
862.461 169.006 -665.589
860.045 168.743 -663.247
857.615 168.478 -660.882
855.467 168.243 -658.780
853.326 168.008 -656.670
851.164 167.770 -654.522
848.985 167.530 -652.339
846.830 167.291 -650.164
844.659 167.049 -647.956
842.461 166.803 -645.710
840.262 166.557 -643.451
838.069 166.311 -641.192
835.845 166.061 -638.896
833.628 165.812 -636.608
831.392 165.561 -634.306
829.122 165.307 -631.977
826.850 165.054 -629.655
824.540 164.797 -627.304
822.231 164.541 -624.963
819.905 164.291 -622.608
817.544 164.053 -620.220
815.244 163.841 -617.891
812.887 163.633 -615.500
810.573 163.433 -613.146
808.261 163.234 -610.787
806.022 163.041 -608.495
803.778 162.845 -606.189
801.586 162.654 -603.930
799.442 162.466 -601.710
797.320 162.280 -599.503
794.959 162.072 -597.039
792.647 161.868 -594.621
790.372 161.667 -592.243
788.140 161.471 -589.920
785.954 161.280 -587.659
783.764 161.092 -585.411
781.624 160.910 -583.230
779.505 160.731 -581.079
777.182 160.534 -578.722
774.878 160.338 -576.377
772.626 160.145 -574.062
770.418 159.955 -571.749
768.278 159.767 -569.443
766.165 159.576 -567.084
764.117 159.386 -564.711
762.082 159.192 -562.263
760.094 158.998 -559.785
758.106 158.800 -557.217
756.158 158.603 -554.608
754.236 158.403 -551.936
752.339 158.200 -549.195
750.496 157.997 -546.425
748.870 157.814 -543.886
747.285 157.630 -541.315
745.727 157.444 -538.685
744.217 157.258 -536.030
742.737 157.069 -533.311
741.348 156.885 -530.638
740.002 156.701 -527.919
738.716 156.517 -525.188
737.483 156.333 -522.427
736.181 156.130 -519.341
734.944 155.926 -516.228
733.777 155.724 -513.115
732.664 155.521 -509.972
731.613 155.319 -506.820
730.629 155.118 -503.662
729.717 154.918 -500.504
728.867 154.714 -497.280
728.093 154.505 -494.047
727.391 154.288 -490.780
726.766 154.064 -487.493
726.218 153.823 -484.263
725.729 153.535 -480.965
725.333 153.253 -477.685
725.022 152.987 -474.428
724.780 152.719 -471.158
724.604 152.458 -467.968
724.494 152.201 -464.833
724.452 151.953 -461.788
724.492 151.683 -458.472
724.625 151.421 -455.260
724.846 151.172 -452.178
725.152 150.930 -449.176
725.576 150.676 -446.010
726.087 150.435 -442.989
726.737 150.179 -439.826
727.475 149.930 -436.812
728.292 149.687 -433.934
729.303 149.433 -430.978
730.486 149.183 -428.123
731.840 148.932 -425.339
733.345 148.676 -422.660
735.050 148.413 -420.028
736.948 148.139 -417.464
738.864 147.873 -415.171
740.991 147.598 -412.908
743.257 147.323 -410.739
745.504 147.061 -408.761
747.866 146.794 -406.823
750.349 146.516 -404.909
752.960 146.228 -403.010
755.668 145.943 -401.142
758.200 145.695 -399.455
760.727 145.450 -397.781
763.236 145.204 -396.103
765.729 144.959 -394.406
768.192 144.719 -392.700
770.857 144.466 -390.812
773.441 144.225 -388.933
775.964 143.996 -387.013
778.387 143.782 -385.048
780.719 143.566 -383.008
782.964 143.346 -380.867
785.081 143.126 -378.652
787.091 142.900 -376.340
789.022 142.665 -373.914
790.891 142.421 -371.361
792.683 142.172 -368.695
794.375 141.923 -365.938
795.954 141.673 -363.095
797.394 141.424 -360.186
798.676 141.179 -357.238
799.804 140.935 -354.258
800.785 140.694 -351.274
801.625 140.461 -348.337
802.402 140.214 -345.207
803.065 139.958 -342.080
803.643 139.702 -339.049
804.174 139.475 -335.882
804.620 139.301 -332.874
805.069 139.133 -329.870
805.669 138.940 -326.741
806.534 138.744 -323.739
807.705 138.556 -320.804
809.046 138.384 -318.065
810.645 138.190 -315.528
812.694 137.976 -313.206
815.125 137.743 -311.285
817.877 137.507 -309.821
820.825 137.295 -308.905
823.956 137.099 -308.627
826.963 136.893 -309.044
829.819 136.667 -310.205
832.186 136.489 -312.051
834.161 136.321 -314.484
835.610 136.164 -317.266
836.504 136.010 -320.240
836.946 135.836 -323.294
837.079 135.640 -326.390
836.927 135.436 -329.482
836.468 135.253 -332.617
835.805 135.103 -335.649
835.000 134.956 -338.565
834.024 134.795 -341.564
832.959 134.635 -344.455
831.801 134.476 -347.368
830.641 134.331 -350.185
829.455 134.195 -353.060
828.247 134.062 -356.048
827.132 133.938 -358.885
826.022 133.811 -361.799
824.916 133.680 -364.776
823.779 133.546 -367.849
822.719 133.424 -370.653
821.615 133.306 -373.457
820.353 133.185 -376.497
819.056 133.070 -379.474
817.733 132.958 -382.398
816.385 132.847 -385.255
815.004 132.737 -388.006
813.538 132.622 -390.676
811.967 132.509 -393.233
810.106 132.388 -395.915
808.112 132.264 -398.449
805.997 132.130 -400.819
803.737 131.994 -403.041
801.353 131.851 -405.111
798.829 131.670 -407.077
796.212 131.475 -408.910
793.553 131.329 -410.612
790.950 131.276 -412.251
788.456 131.206 -413.917
785.930 131.093 -415.842
783.621 130.992 -417.952
781.574 130.896 -420.223
779.776 130.776 -422.631
778.135 130.630 -425.364
776.824 130.490 -428.219
775.833 130.354 -431.188
775.142 130.222 -434.271
774.745 130.093 -437.433
774.658 129.967 -440.582
774.895 129.841 -443.691
775.457 129.709 -446.742
776.346 129.575 -449.762
777.531 129.442 -452.698
778.999 129.311 -455.543
780.730 129.179 -458.258
782.716 129.042 -460.814
784.891 128.903 -463.123
787.147 128.770 -465.123
789.601 128.639 -466.950
792.248 128.504 -468.608
795.046 128.366 -470.082
797.790 128.234 -471.312
800.683 128.091 -472.422
803.706 127.938 -473.400
806.862 127.785 -474.244
809.872 127.644 -474.907
812.961 127.500 -475.465
816.140 127.347 -475.931
819.124 127.199 -476.278
822.143 127.053 -476.551
825.225 126.910 -476.769
828.387 126.770 -476.954
831.591 126.634 -477.125
834.898 126.498 -477.303
838.161 126.365 -477.485
841.191 126.241 -477.658
844.242 126.115 -477.830
847.347 125.988 -477.994
850.451 125.860 -478.137
853.515 125.738 -478.245
856.622 125.616 -478.315
859.761 125.493 -478.337
862.948 125.374 -478.302
866.142 125.260 -478.207
869.416 125.138 -478.052
872.670 125.009 -477.841
875.963 124.868 -477.575
878.959 124.735 -477.288
881.942 124.604 -476.961
885.250 124.460 -476.553
888.549 124.313 -476.111
891.777 124.148 -475.661
894.934 123.942 -475.217
898.113 123.694 -474.773
901.269 123.436 -474.345
904.389 123.186 -473.944
907.518 122.940 -473.564
910.637 122.694 -473.205
913.693 122.453 -472.871
916.765 122.210 -472.554
919.817 121.972 -472.272
922.844 121.737 -472.046
926.184 121.481 -471.885
929.480 121.230 -471.846
932.777 120.974 -471.944
936.032 120.721 -472.192
939.253 120.470 -472.595
942.417 120.221 -473.152
945.510 119.972 -473.856
948.542 119.716 -474.706
951.512 119.453 -475.694
954.417 119.185 -476.820
957.264 118.917 -478.086
960.073 118.648 -479.481
962.890 118.373 -480.993
965.714 118.094 -482.593
968.307 117.835 -484.126
971.149 117.552 -485.863
973.723 117.298 -487.476
976.330 117.045 -489.134
978.941 116.793 -490.808
981.544 116.546 -492.478
984.142 116.298 -494.142
986.755 116.050 -495.814
989.276 115.810 -497.426
992.007 115.550 -499.174
994.648 115.300 -500.864
997.174 115.060 -502.483
999.867 114.802 -504.208
1002.499 114.546 -505.894
1005.163 114.291 -507.599
1007.738 114.047 -509.247
1010.291 113.803 -510.882
1012.962 113.549 -512.593
1015.565 113.303 -514.262
1018.111 113.070 -515.894
1020.775 112.864 -517.593
1023.403 112.675 -519.236
1026.002 112.483 -520.786
1028.734 112.277 -522.275
1031.461 112.068 -523.552
1034.407 111.851 -524.638
1037.330 111.648 -525.389
1040.407 111.437 -525.807
1043.429 111.209 -525.826
1046.522 110.953 -525.400
1049.452 110.694 -524.504
1052.161 110.427 -523.168
1054.699 110.145 -521.417
1057.066 109.858 -519.312
1059.063 109.588 -517.062
1060.760 109.315 -514.539
1062.084 109.037 -511.802
1063.052 108.753 -508.876
1063.696 108.475 -505.789
1063.992 108.206 -502.612
1063.868 107.948 -499.497
1063.293 107.685 -496.470
1062.285 107.413 -493.610
1060.854 107.132 -490.812
1059.199 106.871 -488.239
1057.348 106.632 -485.822
1055.282 106.394 -483.555
1052.967 106.204 -481.470
1050.457 106.077 -479.593
1047.804 105.932 -477.897
1045.049 105.765 -476.416
1042.147 105.572 -475.131
1039.332 105.394 -474.102
1036.458 105.261 -473.222
1033.411 105.190 -472.363
1030.478 105.116 -471.415
1027.571 105.053 -470.172
1024.871 104.991 -468.652
1022.355 104.905 -466.901
1020.020 104.795 -464.963
1017.808 104.684 -462.675
1015.974 104.583 -460.124
1014.619 104.488 -457.392
1013.726 104.381 -454.369
1013.378 104.231 -451.294
1013.589 104.056 -448.274
1014.408 103.869 -445.238
1015.761 103.674 -442.372
1017.344 103.499 -439.814
1019.182 103.302 -437.233
1021.154 103.093 -434.769
1023.228 102.898 -432.451
1025.324 102.752 -430.306
1027.585 102.663 -428.026
1029.708 102.624 -425.707
1031.610 102.593 -423.319
1033.299 102.547 -420.744
1034.719 102.461 -417.902
1035.711 102.331 -414.970
1036.213 102.202 -411.958
1036.192 102.087 -408.790
1035.618 101.991 -405.719
1034.533 101.896 -402.903
1032.838 101.795 -400.253
1030.705 101.675 -398.094
1028.110 101.512 -396.408
1025.245 101.333 -395.379
1022.192 101.144 -394.981
1019.114 100.961 -395.087
1016.061 100.772 -395.526
1013.038 100.559 -396.208
1010.083 100.344 -397.062
1007.180 100.139 -398.008
1004.340 99.971 -398.992
1001.407 99.836 -400.017
998.547 99.710 -401.001
995.585 99.580 -401.976
992.505 99.445 -402.914
989.552 99.317 -403.731
986.542 99.190 -404.478
983.509 99.062 -405.160
980.442 98.937 -405.799
977.448 98.817 -406.410
974.452 98.695 -407.038
971.492 98.575 -407.688
968.350 98.446 -408.400
965.314 98.324 -409.093
962.362 98.206 -409.752
959.309 98.086 -410.391
956.168 97.965 -410.948
953.147 97.854 -411.350
950.042 97.761 -411.610
946.884 97.700 -411.736
943.876 97.639 -411.730
940.871 97.569 -411.570
937.762 97.478 -411.145
934.801 97.388 -410.317
931.992 97.315 -408.933
929.555 97.258 -407.068
927.546 97.184 -404.716
926.137 97.077 -401.972
925.431 96.958 -398.943
925.478 96.831 -395.828
926.222 96.687 -392.923
927.604 96.490 -390.242
929.556 96.274 -387.884
931.897 96.082 -385.824
934.460 95.913 -384.218
937.282 95.733 -383.090
940.326 95.507 -382.344
943.410 95.267 -381.823
946.386 95.052 -381.428
949.370 94.882 -381.108
952.510 94.745 -380.806
955.613 94.613 -380.516
958.637 94.486 -380.221
961.774 94.349 -379.841
964.780 94.197 -379.368
967.866 94.010 -378.767
970.824 93.818 -378.097
973.839 93.594 -377.364
976.917 93.349 -376.596
980.000 93.111 -375.821
983.067 92.892 -375.038
986.101 92.676 -374.233
989.082 92.466 -373.377
991.943 92.264 -372.470
994.975 92.041 -371.393
997.904 91.822 -370.216
1000.754 91.617 -368.916
1003.527 91.413 -367.472
1006.171 91.205 -365.870
1008.671 90.980 -364.079
1010.969 90.750 -362.103
1013.183 90.515 -359.762
1015.084 90.295 -357.246
1016.668 90.084 -354.573
1017.927 89.873 -351.779
1018.845 89.670 -348.917
1019.462 89.455 -345.811
1019.747 89.184 -342.692
1019.695 88.860 -339.605
1019.290 88.531 -336.593
1018.561 88.187 -333.650
1017.599 87.906 -330.788
1016.637 87.674 -327.931
1015.872 87.370 -324.876
1015.471 87.111 -321.766
1015.388 86.841 -318.642
1015.636 86.569 -315.551
1016.227 86.310 -312.522
1017.092 86.054 -309.608
1018.132 85.867 -306.749
1019.153 85.729 -303.904
1020.047 85.555 -300.836
1020.618 85.342 -297.766
1020.773 85.110 -294.659
1020.466 84.868 -291.631
1019.651 84.574 -288.576
1018.358 84.239 -285.762
1016.617 83.872 -283.254
1014.508 83.506 -281.083
1012.053 83.179 -279.296
1009.336 82.918 -278.048
1006.282 82.691 -277.391
1003.187 82.479 -277.423
1000.169 82.278 -278.124
997.308 82.082 -279.430
994.781 81.895 -281.165
992.471 81.712 -283.293
990.422 81.523 -285.623
988.561 81.294 -288.089
986.910 81.047 -290.593
985.295 80.785 -293.361
983.852 80.551 -296.112
982.541 80.343 -298.841
981.261 80.132 -301.720
980.108 79.932 -304.497
978.970 79.728 -307.358
977.777 79.514 -310.346
976.537 79.301 -313.310
975.229 79.107 -316.235
973.862 78.946 -319.097
972.469 78.796 -321.848
971.041 78.654 -324.484
969.453 78.504 -327.163
967.780 78.346 -329.659
965.864 78.170 -332.097
963.665 78.005 -334.355
961.273 77.862 -336.238
958.536 77.715 -337.815
955.704 77.551 -338.932
952.606 77.380 -339.604
949.515 77.219 -339.725
946.392 77.054 -339.268
943.499 76.882 -338.247
940.799 76.687 -336.616
938.501 76.469 -334.474
936.710 76.248 -332.029
935.348 76.014 -329.244
934.482 75.773 -326.221
934.123 75.514 -323.224
934.224 75.225 -320.160
934.815 74.938 -317.091
935.795 74.672 -314.247
937.139 74.410 -311.410
938.672 74.157 -308.692
940.284 73.907 -306.090
942.038 73.655 -303.423
943.771 73.425 -300.868
945.590 73.204 -298.199
947.301 73.005 -295.648
949.035 72.804 -292.990
950.776 72.596 -290.220
952.366 72.401 -287.585
953.955 72.199 -284.848
955.536 71.992 -282.025
956.970 71.799 -279.374
958.397 71.603 -276.659
959.827 71.401 -273.860
961.252 71.196 -271.002
962.682 70.987 -268.073
964.096 70.777 -265.118
965.382 70.584 -262.389
966.667 70.389 -259.622
967.943 70.192 -256.839
969.199 69.997 -254.064
970.465 69.798 -251.230
971.720 69.598 -248.369
972.975 69.395 -245.445
974.205 69.191 -242.488
975.417 68.987 -239.462
976.586 68.786 -236.405
977.730 68.578 -233.255
978.814 68.370 -230.094
979.745 68.180 -227.216
980.636 67.988 -224.290
981.478 67.795 -221.331
982.269 67.598 -218.327
983.006 67.399 -215.282
983.682 67.196 -212.201
984.296 66.991 -209.074
984.846 66.782 -205.884
985.314 66.576 -202.708
985.712 66.366 -199.443
986.024 66.157 -196.196
986.253 65.946 -192.909
986.395 65.734 -189.589
986.446 65.521 -186.270
986.404 65.307 -182.926
986.268 65.092 -179.580
986.038 64.878 -176.244
985.714 64.661 -172.877
985.309 64.448 -169.578
984.812 64.228 -166.230
984.242 64.005 -162.925
983.601 63.776 -159.645
982.885 63.543 -156.354
982.121 63.315 -153.141
981.306 63.093 -149.936
980.472 62.886 -146.795
979.639 62.691 -143.698
978.837 62.501 -140.649
978.081 62.309 -137.623
977.388 62.116 -134.627
976.772 61.926 -131.681
976.231 61.735 -128.733
975.722 61.522 -125.418
975.328 61.314 -122.125
975.044 61.108 -118.822
974.870 60.904 -115.545
974.804 60.698 -112.268
974.849 60.490 -109.001
975.009 60.284 -105.757
975.288 60.082 -102.555
975.689 59.885 -99.391
976.222 59.694 -96.229
976.872 59.505 -93.123
977.628 59.307 -90.084
978.504 59.094 -87.048
979.458 58.857 -84.102
980.501 58.609 -81.227
981.653 58.370 -78.359
982.865 58.151 -75.517
984.063 57.958 -72.681
985.178 57.788 -69.854
986.203 57.615 -66.995
987.125 57.432 -64.102
987.947 57.232 -61.162
988.657 57.025 -58.193
989.266 56.815 -55.159
989.770 56.603 -52.078
990.176 56.390 -48.967
990.493 56.174 -45.780
990.719 55.959 -42.580
990.863 55.738 -39.315
990.925 55.516 -36.036
990.908 55.291 -32.693
990.816 55.066 -29.336
990.673 54.864 -26.300
990.480 54.662 -23.232
990.247 54.457 -20.147
989.990 54.254 -17.082
989.714 54.048 -13.927
989.444 53.846 -10.819
989.180 53.644 -7.683
988.928 53.446 -4.584
988.689 53.253 -1.581
988.425 53.038 1.774
988.168 52.826 5.059
987.915 52.617 8.306
987.677 52.413 11.448
987.451 52.214 14.554
987.243 52.021 17.544
987.032 51.816 20.765
986.845 51.616 23.861
986.669 51.415 27.139
986.532 51.251 30.249
986.448 51.101 33.282
986.445 50.937 36.425
986.569 50.767 39.483
986.880 50.576 42.635
987.396 50.387 45.638
988.194 50.198 48.651
989.304 50.043 51.477
990.778 49.860 54.301
992.506 49.586 56.948
994.513 49.305 59.380
996.683 49.082 61.493
999.105 48.875 63.481
1001.741 48.656 65.321
1004.384 48.440 66.873
1007.221 48.213 68.278
1009.994 47.994 69.439
1012.899 47.769 70.465
1015.867 47.543 71.360
1018.851 47.322 72.173
1021.789 47.114 72.941
1024.696 46.930 73.698
1027.747 46.750 74.514
1030.828 46.585 75.394
1033.709 46.441 76.325
1036.585 46.294 77.416
1039.331 46.141 78.618
1042.067 45.968 79.979
1044.658 45.781 81.497
1047.145 45.588 83.358
1049.235 45.415 85.506
1050.936 45.237 88.065
1052.095 45.029 90.968
1052.589 44.795 94.035
1052.430 44.550 97.175
1051.682 44.260 100.232
1050.430 43.932 102.997
1048.643 43.610 105.534
1046.496 43.305 107.763
1044.133 43.030 109.736
1041.554 42.737 111.534
1038.897 42.427 113.096
1036.165 42.120 114.404
1033.224 41.810 115.540
1030.315 41.527 116.462
1027.237 41.234 117.309
1024.284 40.955 118.045
1021.222 40.665 118.733
1018.014 40.364 119.375
1014.974 40.083 119.911
1011.870 39.796 120.401
1008.668 39.503 120.858
1005.674 39.230 121.256
1002.623 38.952 121.642
999.495 38.667 122.029
996.322 38.378 122.420
993.074 38.084 122.823
990.099 37.818 123.202
987.112 37.553 123.596
984.077 37.282 124.011
981.061 37.012 124.431
977.971 36.736 124.858
974.849 36.458 125.278
971.666 36.174 125.687
968.454 35.888 126.075
965.165 35.595 126.444
961.866 35.304 126.782
958.878 35.045 127.058
955.859 34.785 127.303
952.768 34.518 127.511
949.696 34.255 127.668
946.604 33.988 127.772
943.446 33.710 127.820
940.272 33.427 127.805
937.058 33.139 127.721
933.848 32.849 127.564
930.631 32.555 127.335
927.438 32.265 127.039
924.312 31.982 126.689
921.187 31.696 126.286
918.228 31.418 125.864
914.903 31.102 125.349
911.703 30.802 124.813
908.592 30.545 124.281
905.509 30.316 123.784
902.501 30.074 123.346
899.229 29.799 122.948
896.065 29.528 122.657
892.947 29.248 122.479
889.909 28.970 122.442
886.861 28.696 122.557
883.848 28.425 122.826
880.598 28.129 123.299
877.641 27.857 123.891
874.681 27.579 124.615
871.731 27.300 125.450
868.787 27.022 126.400
865.863 26.743 127.474
862.971 26.465 128.677
860.100 26.182 130.022
857.301 25.899 131.489
854.557 25.613 133.086
851.853 25.326 134.823
849.212 25.040 136.676
846.624 24.751 138.642
844.055 24.439 140.722
841.775 24.115 142.660
839.541 23.757 144.654
837.343 23.368 146.705
835.147 22.943 148.866
832.995 22.511 151.117
830.887 22.082 153.457
828.778 21.638 155.925
826.740 21.198 158.418
824.712 20.753 160.986
822.674 20.300 163.637
820.873 19.895 166.032
819.049 19.480 168.515
817.279 19.069 171.001
815.519 18.650 173.569
813.782 18.224 176.217
812.114 17.802 178.880
810.468 17.370 181.637
808.859 16.931 184.469
807.302 16.490 187.344
805.801 16.049 190.251
804.329 15.598 193.251
802.912 15.144 196.295
801.712 14.742 199.022
800.570 14.343 201.776
799.470 13.946 204.615
798.447 13.564 207.446
797.492 13.186 210.270
796.588 12.809 213.131
795.736 12.434 215.996
794.827 12.011 219.233
793.982 11.597 222.413
793.189 11.191 225.544
792.458 10.798 228.585
791.783 10.406 231.603
791.161 10.017 234.574
790.567 9.623 237.558
789.969 9.214 240.746
789.393 8.833 243.909
788.829 8.472 246.955
788.235 8.113 249.942
787.541 7.726 253.092
786.792 7.335 256.134
785.953 6.956 259.088
784.904 6.561 262.205
783.695 6.164 265.213
782.333 5.771 268.081
780.794 5.371 270.880
779.115 4.972 273.549
777.272 4.571 276.125
775.316 4.186 278.531
773.226 3.808 280.804
771.029 3.432 282.924
768.716 3.053 284.901
766.307 2.674 286.722
763.804 2.278 288.402
761.238 1.860 289.936
758.401 1.410 291.451
755.562 1.012 292.869
752.852 0.681 294.307
750.247 0.347 295.871
747.633 -0.013 297.716
745.210 -0.371 299.758
743.000 -0.731 301.985
740.953 -1.119 304.425
739.110 -1.510 307.083
737.661 -1.764 309.777
736.394 -1.998 312.591
735.285 -2.291 315.503
734.351 -2.560 318.502
733.592 -2.827 321.583
732.990 -3.105 324.731
732.540 -3.368 327.726
732.154 -3.621 330.812
731.756 -3.855 333.990
731.265 -4.078 337.219
730.646 -4.304 340.415
729.863 -4.542 343.619
728.934 -4.777 346.680
727.825 -5.019 349.695
726.532 -5.270 352.672
725.046 -5.526 355.625
723.551 -5.759 358.239
721.900 -5.995 360.816
720.087 -6.242 363.357
718.146 -6.502 365.820
716.084 -6.766 368.205
713.870 -7.032 370.553
711.566 -7.299 372.816
709.227 -7.562 374.983
706.885 -7.810 377.085
704.630 -8.011 379.101
702.417 -8.198 381.134
700.093 -8.426 383.383
697.894 -8.669 385.693
695.850 -8.907 388.065
693.921 -9.147 390.552
692.148 -9.386 393.101
690.497 -9.627 395.752
689.008 -9.865 398.409
687.630 -10.105 401.145
686.399 -10.337 403.903
685.310 -10.566 406.710
684.327 -10.812 409.759
683.562 -11.059 412.824
683.024 -11.307 415.905
682.720 -11.552 418.978
682.650 -11.795 422.040
682.806 -12.035 425.062
683.177 -12.281 428.053
683.791 -12.563 431.190
684.629 -12.854 434.279
685.659 -13.134 437.282
686.807 -13.383 440.259
687.900 -13.575 443.254
688.818 -13.749 446.300
689.513 -13.939 449.365
689.966 -14.148 452.461
690.172 -14.395 455.557
690.130 -14.668 458.718
689.837 -14.941 461.902
689.367 -15.202 464.878
688.708 -15.467 467.882
687.863 -15.727 470.864
686.840 -15.981 473.788
685.664 -16.228 476.611
684.339 -16.484 479.369
682.909 -16.734 482.039
681.412 -16.962 484.675
679.912 -17.159 487.331
678.393 -17.359 490.213
677.043 -17.561 493.115
675.886 -17.765 496.109
674.980 -17.974 499.133
674.330 -18.190 502.191
673.928 -18.431 505.290
673.783 -18.690 508.337
673.894 -18.956 511.367
674.268 -19.216 514.379
674.938 -19.481 517.517
675.859 -19.753 520.589
676.922 -20.014 523.383
678.196 -20.279 526.199
679.646 -20.543 529.023
681.153 -20.797 531.691
682.714 -21.053 534.281
684.330 -21.277 536.867
686.031 -21.450 539.614
687.611 -21.645 542.331
688.986 -21.858 545.029
690.184 -22.084 547.964
691.062 -22.308 550.959
691.611 -22.539 553.962
691.840 -22.783 556.993
691.747 -23.023 559.985
691.303 -23.281 563.143
690.528 -23.545 566.181
689.416 -23.798 569.142
688.120 -24.053 571.860
686.575 -24.319 574.593
684.960 -24.564 577.127
683.187 -24.824 579.710
681.290 -25.102 582.341
679.416 -25.367 584.840
677.436 -25.612 587.387
675.553 -25.817 589.742
673.628 -26.008 592.103
671.705 -26.171 594.428
669.663 -26.328 596.868
667.688 -26.478 599.204
665.643 -26.635 601.600
663.616 -26.794 603.951
661.530 -26.929 606.356
659.409 -26.988 608.759
657.242 -27.045 611.090
654.987 -27.125 613.283
652.658 -27.238 615.202
650.011 -27.399 616.904
647.227 -27.554 618.101
644.182 -27.682 618.729
641.172 -27.780 618.679
638.188 -27.884 617.904
635.508 -28.014 616.387
633.301 -28.196 614.185
631.818 -28.406 611.447
631.165 -28.635 608.382
631.183 -28.853 605.265
631.604 -29.082 602.169
632.246 -29.321 599.163
633.024 -29.557 596.167
633.811 -29.770 593.268
634.639 -29.969 590.230
635.453 -30.133 587.254
636.302 -30.288 584.156
637.123 -30.442 581.151
637.969 -30.603 578.018
638.751 -30.757 575.019
639.508 -30.914 571.942
640.175 -31.063 569.006
640.805 -31.218 565.968
641.383 -31.374 562.893
641.936 -31.536 559.692
642.422 -31.687 556.715
642.904 -31.841 553.675
643.393 -31.998 550.560
643.879 -32.156 547.441
644.369 -32.317 544.246
644.849 -32.481 541.030
645.301 -32.638 537.885
645.729 -32.794 534.770
646.123 -32.947 531.723
646.504 -33.109 528.460
646.797 -33.238 525.361
646.991 -33.334 522.359
647.083 -33.448 519.169
647.036 -33.569 516.117
646.801 -33.717 512.928
646.341 -33.882 509.816
645.631 -34.046 506.799
644.659 -34.214 503.868
643.450 -34.394 501.091
641.992 -34.583 498.441
640.291 -34.768 495.916
638.374 -34.951 493.511
636.243 -35.121 491.182
634.110 -35.264 489.059
631.918 -35.408 486.937
629.799 -35.555 484.752
627.838 -35.696 482.463
625.896 -35.909 479.906
624.125 -36.215 477.232
622.599 -36.510 474.399
621.397 -36.788 471.643
620.378 -37.070 468.761
619.520 -37.361 465.702
618.853 -37.654 462.540
618.412 -37.925 459.529
618.148 -38.193 456.505
618.059 -38.474 453.376
618.154 -38.756 450.212
618.438 -39.042 446.979
618.894 -39.327 443.758
619.443 -39.597 440.806
620.126 -39.881 437.767
620.917 -40.164 434.727
621.799 -40.441 431.672
622.751 -40.717 428.527
623.619 -40.967 425.655
624.566 -41.249 422.416
625.378 -41.501 419.516
626.157 -41.753 416.611
626.970 -42.026 413.444
627.729 -42.292 410.345
628.431 -42.551 407.322
629.113 -42.821 404.179
629.721 -43.084 401.124
630.241 -43.339 398.155
630.714 -43.599 394.989
631.119 -43.838 391.897
631.459 -44.072 388.694
631.678 -44.283 385.638
631.782 -44.493 382.510
631.744 -44.716 379.364
631.518 -44.946 376.369
630.975 -45.187 373.352
629.985 -45.423 370.395
628.571 -45.649 367.714
626.672 -45.903 365.237
624.419 -46.173 363.211
621.747 -46.458 361.642
618.797 -46.747 360.650
615.824 -47.023 360.208
612.811 -47.296 360.263
609.773 -47.574 360.897
606.928 -47.862 362.119
604.342 -48.163 363.773
602.022 -48.471 365.752
599.949 -48.767 368.086
598.266 -49.039 370.589
596.838 -49.304 373.394
595.790 -49.494 376.219
594.970 -49.675 379.173
594.342 -49.867 382.310
593.909 -50.035 385.405
593.587 -50.180 388.436
593.291 -50.313 391.567
593.014 -50.430 394.567
592.725 -50.548 397.665
592.421 -50.669 400.853
592.129 -50.783 403.848
591.822 -50.903 406.970
591.512 -51.022 410.097
591.190 -51.147 413.344
590.888 -51.262 416.374
590.580 -51.379 419.432
590.261 -51.498 422.527
589.920 -51.620 425.734
589.563 -51.743 428.964
589.191 -51.867 432.209
588.803 -51.993 435.497
588.407 -52.121 438.813
588.048 -52.237 441.825
587.683 -52.354 444.902
587.320 -52.469 447.958
586.944 -52.586 451.102
586.555 -52.703 454.282
586.146 -52.817 457.465
585.702 -52.932 460.690
585.210 -53.050 463.975
584.666 -53.170 467.269
584.058 -53.296 470.617
583.398 -53.423 473.915
582.745 -53.540 476.905
582.036 -53.660 479.905
581.288 -53.778 482.852
580.494 -53.895 485.780
579.645 -54.011 488.724
578.660 -54.140 491.937
577.632 -54.267 495.103
576.561 -54.394 498.231
575.454 -54.518 501.327
574.338 -54.643 504.331
573.198 -54.786 507.298
572.047 -54.957 510.181
570.871 -55.149 512.980
569.514 -55.368 516.000
568.205 -55.562 518.702
566.710 -55.769 521.572
565.126 -55.977 524.391
563.491 -56.179 527.071
561.731 -56.382 529.704
559.897 -56.579 532.200
557.930 -56.783 534.644
555.900 -56.986 536.943
553.746 -57.193 539.171
551.478 -57.400 541.315
549.090 -57.607 543.384
546.600 -57.816 545.359
544.054 -58.022 547.201
541.396 -58.230 548.938
538.692 -58.436 550.523
535.929 -58.641 551.967
533.031 -58.850 553.308
530.096 -59.062 554.504
527.043 -59.280 555.587
523.990 -59.495 556.516
520.839 -59.713 557.323
517.620 -59.934 557.997
514.314 -60.163 558.541
511.035 -60.392 558.945
508.000 -60.604 559.206
504.913 -60.816 559.370
501.779 -61.030 559.440
498.628 -61.246 559.428
495.414 -61.465 559.350
492.183 -61.685 559.221
488.901 -61.907 559.057
485.566 -62.130 558.870
482.577 -62.329 558.690
479.182 -62.554 558.471
476.161 -62.754 558.263
473.107 -62.956 558.041
470.012 -63.161 557.803
466.902 -63.371 557.554
463.856 -63.581 557.306
460.755 -63.793 557.053
457.725 -63.990 556.813
454.661 -64.179 556.585
451.586 -64.371 556.377
448.538 -64.563 556.203
445.478 -64.757 556.069
442.464 -64.951 555.985
439.389 -65.153 555.952
436.324 -65.368 555.966
433.272 -65.619 556.020
430.204 -65.897 556.131
426.836 -66.212 556.327
423.494 -66.545 556.594
420.227 -66.888 556.930
417.024 -67.265 557.316
413.856 -67.657 557.780
410.792 -68.027 558.311
407.788 -68.388 558.931
404.797 -68.754 559.658
401.866 -69.116 560.464
398.954 -69.479 561.337
396.003 -69.848 562.288
393.063 -70.217 563.311
390.144 -70.586 564.422
387.260 -70.956 565.626
384.415 -71.330 566.928
381.609 -71.707 568.335
378.790 -72.093 569.880
376.087 -72.471 571.490
373.381 -72.859 573.234
370.733 -73.249 575.069
368.078 -73.649 577.040
365.518 -74.043 579.060
363.193 -74.407 580.992
360.936 -74.765 582.948
358.440 -75.159 585.180
356.228 -75.489 587.196
353.802 -75.819 589.429
351.419 -76.125 591.634
349.110 -76.389 593.784
346.893 -76.594 595.861
344.517 -76.824 598.091
342.218 -77.055 600.248
339.925 -77.284 602.389
337.689 -77.496 604.462
335.465 -77.704 606.505
333.248 -77.911 608.520
330.858 -78.136 610.668
328.517 -78.356 612.740
326.095 -78.556 614.817
323.695 -78.731 616.772
321.179 -78.908 618.689
318.723 -79.079 620.403
316.120 -79.263 622.010
313.380 -79.456 623.418
310.558 -79.621 624.493
307.549 -79.760 625.185
304.555 -79.889 625.354
301.568 -80.055 624.921
298.656 -80.261 623.790
296.079 -80.476 622.078
293.912 -80.694 619.934
292.188 -80.918 617.427
290.974 -81.168 614.536
290.337 -81.455 611.535
290.228 -81.749 608.534
290.624 -82.044 605.451
291.445 -82.324 602.473
292.558 -82.589 599.627
293.852 -82.861 596.914
295.382 -83.159 594.138
297.014 -83.451 591.453
298.636 -83.712 588.903
300.333 -83.959 586.220
301.905 -84.178 583.656
303.517 -84.404 580.954
305.155 -84.636 578.167
306.698 -84.854 575.519
308.260 -85.072 572.822
309.860 -85.294 570.020
311.332 -85.500 567.380
312.768 -85.705 564.703
314.191 -85.913 561.906
315.536 -86.118 559.073
316.810 -86.324 556.155
317.960 -86.526 553.257
319.009 -86.731 550.340
319.943 -86.937 547.479
320.838 -87.156 544.432
321.598 -87.366 541.471
322.281 -87.587 538.347
322.823 -87.793 535.383
323.275 -87.993 532.283
323.656 -88.172 529.232
324.004 -88.349 526.019
324.189 -88.526 522.891
324.121 -88.707 519.855
323.756 -88.894 516.870
323.013 -89.082 513.811
321.894 -89.256 510.908
320.457 -89.423 508.275
318.585 -89.612 505.741
316.430 -89.794 503.597
313.900 -89.980 501.782
311.200 -90.164 500.475
308.209 -90.366 499.645
305.208 -90.595 499.380
302.224 -90.866 499.651
299.168 -91.160 500.464
296.288 -91.444 501.699
293.543 -91.716 503.230
290.898 -91.973 504.875
288.346 -92.225 506.525
285.702 -92.490 508.304
283.156 -92.737 510.082
280.539 -92.982 511.967
278.075 -93.203 513.782
275.507 -93.427 515.705
273.113 -93.632 517.521
270.646 -93.845 519.410
268.125 -94.062 521.351
265.569 -94.283 523.319
263.153 -94.491 525.173
260.688 -94.704 527.057
258.207 -94.917 528.950
255.635 -95.138 530.914
253.036 -95.362 532.904
250.399 -95.590 534.940
247.764 -95.819 537.005
245.429 -96.020 538.878
242.874 -96.221 540.988
240.342 -96.420 543.145
237.944 -96.604 545.248
235.621 -96.781 547.347
233.363 -96.957 549.470
231.216 -97.134 551.600
229.135 -97.315 553.798
227.152 -97.499 556.053
225.261 -97.684 558.394
223.337 -97.883 561.021
221.549 -98.091 563.726
220.003 -98.307 566.298
218.425 -98.550 569.188
217.073 -98.768 571.907
215.811 -98.983 574.664
214.596 -99.196 577.496
213.385 -99.391 580.391
212.133 -99.564 583.273
210.806 -99.736 586.118
209.372 -99.928 588.957
207.838 -100.139 591.765
206.171 -100.363 594.584
204.399 -100.586 597.364
202.705 -100.788 599.858
200.968 -100.989 602.298
199.168 -101.190 604.742
197.320 -101.394 607.206
195.435 -101.597 609.681
193.506 -101.804 612.197
191.549 -102.011 614.739
189.549 -102.219 617.334
187.546 -102.425 619.935
185.525 -102.636 622.568
183.496 -102.847 625.226
181.671 -103.038 627.634
179.827 -103.230 630.086
177.803 -103.442 632.800
175.782 -103.651 635.531
173.804 -103.856 638.223
171.871 -104.057 640.870
169.972 -104.256 643.488
168.115 -104.453 646.067
166.291 -104.650 648.617
164.530 -104.843 651.098
162.787 -105.036 653.577
160.905 -105.247 656.284
159.075 -105.458 658.957
157.322 -105.667 661.566
155.592 -105.884 664.199
153.952 -106.105 666.765
152.367 -106.336 669.326
150.699 -106.594 672.117
149.080 -106.849 674.913
147.517 -107.097 677.663
145.964 -107.344 680.415
144.411 -107.592 683.170
142.857 -107.838 685.925
141.311 -108.084 688.668
139.770 -108.329 691.400
138.177 -108.584 694.223
136.581 -108.838 697.054
134.995 -109.091 699.877
133.395 -109.346 702.743
131.848 -109.596 705.555
130.348 -109.843 708.337
128.878 -110.091 711.136
127.458 -110.334 713.913
126.063 -110.578 716.707
124.703 -110.819 719.488
123.357 -111.062 722.292
122.041 -111.303 725.078
120.740 -111.539 727.876
119.472 -111.763 730.628
118.114 -111.988 733.564
116.773 -112.194 736.393
115.315 -112.396 739.283
113.833 -112.588 741.935
112.160 -112.800 744.555
110.236 -113.036 747.080
108.119 -113.262 749.285
105.649 -113.489 751.244
103.034 -113.717 752.759
100.096 -113.979 753.876
97.136 -114.236 754.436
94.138 -114.501 754.465
91.165 -114.773 753.980
88.270 -115.050 753.014
85.507 -115.330 751.578
82.957 -115.612 749.690
80.838 -115.887 747.574
79.015 -116.168 745.137
77.536 -116.455 742.427
76.432 -116.752 739.494
75.723 -117.046 736.392
75.388 -117.329 733.289
75.347 -117.601 730.278
75.540 -117.906 727.110
75.905 -118.213 724.085
76.431 -118.533 720.928
77.012 -118.826 717.948
77.654 -119.112 714.844
78.272 -119.372 711.892
78.893 -119.638 708.848
79.493 -119.911 705.722
80.047 -120.188 702.537
80.513 -120.449 699.539
80.933 -120.715 696.479
81.319 -120.988 693.334
81.683 -121.267 690.136
82.042 -121.552 686.890
82.378 -121.815 683.896
82.721 -122.081 680.902
83.084 -122.354 677.813
83.456 -122.618 674.741
83.836 -122.874 671.699
84.232 -123.137 668.617
84.629 -123.394 665.616
85.032 -123.652 662.637
85.468 -123.927 659.460
85.900 -124.196 656.337
86.316 -124.450 653.350
86.759 -124.714 650.151
87.179 -124.960 647.052
87.561 -125.188 644.050
87.900 -125.425 640.889
88.118 -125.659 637.842
88.187 -125.937 634.653
88.023 -126.245 631.476
87.607 -126.562 628.398
86.943 -126.906 625.357
86.032 -127.264 622.324
84.928 -127.614 619.336
83.695 -127.965 616.382
82.381 -128.319 613.505
80.966 -128.681 610.629
79.502 -129.029 607.829
77.977 -129.367 605.038
76.426 -129.693 602.283
74.859 -130.014 599.559
73.274 -130.334 596.858
71.684 -130.650 594.196
70.082 -130.963 591.565
68.497 -131.267 589.004
66.788 -131.585 586.283
65.075 -131.896 583.594
63.374 -132.199 580.957
61.658 -132.504 578.305
59.973 -132.806 575.665
58.283 -133.110 573.023
56.524 -133.417 570.424
54.646 -133.715 567.931
52.640 -134.005 565.587
50.455 -134.301 563.377
48.127 -134.607 561.385
45.629 -134.915 559.620
42.966 -135.226 558.090
40.131 -135.544 556.787
37.181 -135.889 555.709
34.101 -136.266 554.871
30.946 -136.641 554.318
27.941 -136.996 554.055
24.876 -137.357 554.035
21.788 -137.723 554.252
18.657 -138.095 554.704
15.554 -138.469 555.397
12.572 -138.835 556.323
9.691 -139.201 557.495
6.920 -139.571 558.922
4.243 -139.949 560.601
1.822 -140.305 562.374
-0.532 -140.669 564.359
-2.710 -141.027 566.472
-4.745 -141.384 568.749
-6.652 -141.746 571.212
-8.367 -142.103 573.786
-9.915 -142.472 576.513
-11.236 -142.850 579.290
-12.343 -143.231 582.170
-13.252 -143.615 585.169
-13.983 -144.003 588.244
-14.542 -144.377 591.205
-15.002 -144.768 594.284
-15.361 -145.162 597.430
-15.627 -145.537 600.675
-15.806 -145.830 603.727
-15.961 -146.071 606.881
-16.118 -146.278 610.036
-16.300 -146.475 613.250
-16.527 -146.666 616.540
-16.813 -146.851 619.831
-17.171 -147.031 623.116
-17.556 -147.196 626.087
-18.018 -147.365 629.125
-18.544 -147.534 632.131
-19.159 -147.710 635.208
-19.862 -147.888 638.283
-20.675 -148.071 641.412
-21.576 -148.260 644.489
-22.590 -148.455 647.575
-23.732 -148.654 650.682
-24.977 -148.852 653.731
-26.205 -149.033 656.470
-27.662 -149.232 659.447
-29.081 -149.415 662.117
-30.596 -149.598 664.761
-32.192 -149.782 667.359
-33.867 -149.967 669.912
-35.614 -150.151 672.401
-37.406 -150.329 674.807
-39.428 -150.527 677.389
-41.468 -150.729 679.894
-43.513 -150.940 682.334
-45.482 -151.145 684.633
-47.625 -151.352 687.101
-49.725 -151.528 689.515
-51.722 -151.684 691.850
-53.646 -151.851 694.191
-55.625 -152.033 696.747
-57.520 -152.220 699.342
-59.289 -152.409 701.910
-60.954 -152.596 704.502
-62.521 -152.780 707.154
-63.951 -152.958 709.823
-65.263 -153.136 712.574
-66.419 -153.312 715.363
-67.418 -153.488 718.207
-68.252 -153.665 721.085
-68.946 -153.854 724.049
-69.498 -154.060 727.078
-69.904 -154.272 730.171
-70.172 -154.487 733.292
-70.330 -154.705 736.487
-70.430 -154.909 739.768
-70.543 -155.063 742.825
-70.736 -155.211 745.882
-71.034 -155.371 748.905
-71.458 -155.547 751.925
-71.993 -155.749 754.881
-72.642 -155.996 757.854
-73.404 -156.286 760.818
-74.284 -156.593 763.749
-75.314 -156.903 766.724
-76.471 -157.215 769.702
-77.729 -157.525 772.636
-79.118 -157.843 775.585
-80.593 -158.155 778.431
-82.181 -158.466 781.221
-83.867 -158.776 783.932
-85.648 -159.085 786.556
-87.524 -159.394 789.102
-89.513 -159.709 791.615
-91.637 -160.033 794.120
-93.856 -160.359 796.569
-95.949 -160.655 798.734
-98.155 -160.956 800.879
-100.411 -161.257 802.945
-102.702 -161.555 804.935
-105.072 -161.858 806.899
-107.505 -162.162 808.837
-109.950 -162.462 810.723
-112.518 -162.772 812.641
-115.108 -163.080 814.518
-117.774 -163.395 816.398
-120.452 -163.711 818.240
-123.150 -164.026 820.060
-125.800 -164.336 821.832
-128.340 -164.632 823.528
-130.881 -164.926 825.240
-133.353 -165.201 826.931
-136.010 -165.490 828.785
-138.544 -165.760 830.595
-140.972 -165.975 832.389
-143.480 -166.166 834.330
-145.870 -166.355 836.286
-148.127 -166.548 838.276
-150.438 -166.758 840.520
-152.612 -166.965 842.864
-154.652 -167.173 845.311
-156.580 -167.384 847.871
-158.309 -167.582 850.382
-159.958 -167.782 852.982
-161.558 -167.988 855.750
-163.058 -168.201 858.630
-164.328 -168.406 861.346
-165.510 -168.620 864.155
-166.603 -168.837 867.063
-167.608 -169.057 870.061
-168.540 -169.283 873.148
-169.417 -169.513 876.322
-170.236 -169.739 879.513
-170.949 -169.941 882.424
-171.657 -170.139 885.362
-172.367 -170.333 888.313
-173.098 -170.530 891.307
-173.865 -170.734 894.370
-174.668 -170.939 897.447
-175.520 -171.145 900.536
-176.439 -171.350 903.626
-177.458 -171.554 906.759
-178.590 -171.758 909.929
-179.803 -171.960 913.040
-180.976 -172.145 915.816
-182.222 -172.334 918.549
-183.549 -172.528 921.253
-185.115 -172.745 924.200
-186.801 -172.964 927.123
-188.569 -173.185 929.951
-190.418 -173.406 932.675
-192.358 -173.623 935.310
-194.400 -173.838 937.866
-196.542 -174.054 940.341
-198.736 -174.270 942.686
-201.009 -174.487 944.936
-203.353 -174.703 947.086
-205.786 -174.920 949.163
-208.261 -175.137 951.138
-210.784 -175.354 953.040
-213.302 -175.565 954.859
-216.024 -175.780 956.766
-218.756 -175.981 958.634
-221.480 -176.166 960.491
-224.137 -176.336 962.326
-226.755 -176.500 964.177
-229.312 -176.663 966.051
-231.743 -176.825 967.934
-234.076 -176.986 969.883
-236.485 -177.158 972.093
-238.776 -177.336 974.428
-240.896 -177.519 976.837
-242.874 -177.708 979.359
-244.688 -177.896 981.968
-246.378 -178.087 984.707
-247.939 -178.282 987.533
-249.299 -178.470 990.246
-250.543 -178.658 992.977
-251.698 -178.845 995.776
-252.842 -179.042 998.834
-253.906 -179.241 1001.917
-254.867 -179.431 1004.876
-255.839 -179.623 1007.999
-256.756 -179.776 1010.993
-257.650 -179.890 1013.857
-258.638 -180.007 1016.829
-259.762 -180.136 1019.832
-261.042 -180.281 1022.702
-262.493 -180.427 1025.348
-264.285 -180.576 1027.936
-266.312 -180.720 1030.214
-268.716 -180.884 1032.289
-271.328 -181.071 1033.979
-274.090 -181.253 1035.241
-277.112 -181.446 1036.099
-280.254 -181.645 1036.480
-283.277 -181.838 1036.410
-286.325 -182.033 1035.917
-289.297 -182.228 1034.998
-292.151 -182.423 1033.654
-294.808 -182.615 1031.915
-297.193 -182.802 1029.827
-299.228 -182.985 1027.441
-300.832 -183.165 1024.838
-302.001 -183.350 1022.037
-302.744 -183.539 1019.075
-303.078 -183.729 1015.960
-302.995 -183.918 1012.782
-302.546 -184.113 1009.781
-301.733 -184.322 1006.813
-300.565 -184.531 1003.939
-299.072 -184.744 1001.162
-297.323 -184.964 998.510
-295.469 -185.193 996.070
-293.437 -185.416 993.681
-291.304 -185.568 991.300
-289.256 -185.701 988.893
-287.335 -185.902 986.411
-285.578 -186.142 983.852
-283.978 -186.356 981.187
-282.526 -186.566 978.459
-281.228 -186.780 975.652
-280.152 -187.000 972.806
-279.341 -187.222 969.908
-278.814 -187.446 966.784
-278.655 -187.659 963.659
-278.866 -187.871 960.551
-279.446 -188.094 957.551
-280.404 -188.317 954.716
-281.831 -188.549 951.921
-283.633 -188.780 949.431
-285.749 -189.013 947.295
-288.284 -189.270 945.447
-291.092 -189.547 944.005
-293.961 -189.839 942.992
-297.051 -190.123 942.367
-300.052 -190.379 942.158
-303.116 -190.638 942.313
-306.193 -190.897 942.839
-309.268 -191.157 943.745
-312.029 -191.395 944.903
-314.663 -191.634 946.360
-317.208 -191.894 948.181
-319.484 -192.176 950.267
-321.488 -192.461 952.633
-323.248 -192.752 955.284
-324.670 -193.031 957.968
-325.945 -193.329 960.900
-327.028 -193.631 963.774
-328.069 -193.941 966.786
-329.040 -194.219 969.735
-330.012 -194.486 972.741
-330.940 -194.737 975.620
-331.908 -194.992 978.579
-332.917 -195.248 981.580
-333.998 -195.514 984.679
-335.037 -195.761 987.543
-336.120 -196.010 990.419
-337.264 -196.266 993.355
-338.478 -196.530 996.375
-339.728 -196.797 999.410
-340.891 -197.041 1002.174
-342.083 -197.287 1004.963
-343.313 -197.540 1007.811
-344.542 -197.792 1010.649
-345.763 -198.041 1013.479
-346.979 -198.291 1016.315
-348.195 -198.543 1019.164
-349.410 -198.795 1022.013
-350.591 -199.039 1024.780
-351.775 -199.284 1027.551
-353.039 -199.545 1030.505
-354.238 -199.791 1033.308
-355.519 -200.056 1036.303
-356.782 -200.322 1039.260
-357.999 -200.572 1042.108
-359.189 -200.818 1044.897
-360.434 -201.069 1047.809
-361.651 -201.300 1050.637
-362.940 -201.512 1053.568
-364.234 -201.710 1056.391
-365.628 -201.917 1059.232
-367.099 -202.130 1061.900
-368.777 -202.358 1064.474
-370.741 -202.588 1066.868
-373.069 -202.824 1069.008
-375.604 -203.063 1070.677
-378.467 -203.348 1071.942
-381.394 -203.636 1072.708
-384.475 -203.918 1073.084
-387.629 -204.197 1073.031
-390.614 -204.460 1072.534
-393.616 -204.733 1071.531
-396.357 -205.007 1070.053
-398.748 -205.286 1068.147
-400.809 -205.574 1065.828
-402.510 -205.851 1063.161
-403.758 -206.097 1060.381
-404.617 -206.343 1057.404
-405.055 -206.581 1054.321
-405.093 -206.801 1051.302
-404.785 -207.017 1048.318
-404.158 -207.245 1045.346
-403.260 -207.483 1042.385
-402.170 -207.714 1039.581
-400.836 -207.957 1036.725
-399.396 -208.191 1034.046
-397.771 -208.430 1031.349
-396.117 -208.657 1028.840
-394.305 -208.902 1026.266
-392.379 -209.144 1023.668
-390.528 -209.326 1021.245
-388.701 -209.496 1018.834
-386.800 -209.699 1016.238
-385.050 -209.905 1013.701
-383.313 -210.121 1010.964
-381.708 -210.339 1008.168
-380.241 -210.545 1005.396
-378.942 -210.741 1002.650
-377.763 -210.940 999.698
-376.823 -211.117 996.804
-376.020 -211.300 993.734
-375.418 -211.475 990.748
-375.032 -211.661 987.660
-374.997 -211.860 984.527
-375.406 -212.057 981.557
-376.325 -212.268 978.615
-377.710 -212.490 975.845
-379.407 -212.715 973.357
-381.540 -212.959 971.066
-384.020 -213.203 969.202
-386.842 -213.456 967.746
-389.803 -213.699 966.728
-392.784 -213.925 966.122
-395.820 -214.143 965.920
-398.943 -214.356 966.193
-401.924 -214.567 966.965
-404.733 -214.785 968.209
-407.370 -215.026 969.854
-409.771 -215.274 971.886
-411.805 -215.519 974.244
-413.477 -215.743 976.911
-414.854 -215.937 979.717
-416.014 -216.146 982.511
-417.043 -216.370 985.395
-418.002 -216.596 988.416
-418.893 -216.774 991.422
-419.730 -216.930 994.307
-420.608 -217.094 997.323
-421.522 -217.262 1000.449
-422.400 -217.422 1003.430
-423.311 -217.586 1006.491
-424.186 -217.741 1009.380
-425.108 -217.901 1012.349
-426.080 -218.065 1015.392
-427.102 -218.234 1018.500
-428.066 -218.389 1021.358
-429.076 -218.549 1024.299
-430.106 -218.711 1027.257
-431.175 -218.877 1030.304
-432.259 -219.045 1033.377
-433.347 -219.214 1036.454
-434.451 -219.385 1039.571
-435.459 -219.540 1042.410
-436.493 -219.698 1045.319
-437.527 -219.857 1048.226
-438.580 -220.018 1051.180
-439.654 -220.183 1054.189
-440.747 -220.350 1057.249
-441.842 -220.518 1060.310
-442.953 -220.688 1063.414
-444.089 -220.861 1066.584
-445.214 -221.034 1069.729
-446.228 -221.190 1072.562
-447.344 -221.359 1075.675
-448.453 -221.528 1078.768
-449.531 -221.691 1081.767
-450.599 -221.853 1084.733
-451.640 -222.011 1087.609
-452.755 -222.178 1090.673
-453.814 -222.335 1093.555
-454.956 -222.493 1096.613
-456.076 -222.631 1099.556
-457.262 -222.776 1102.599
-458.462 -222.917 1105.568
-459.665 -223.052 1108.407
-460.958 -223.195 1111.275
-462.416 -223.344 1114.149
-464.028 -223.488 1116.804
-465.914 -223.643 1119.392
-467.963 -223.809 1121.776
-470.147 -223.983 1123.998
-472.322 -224.136 1126.243
-474.437 -224.264 1128.483
-476.638 -224.386 1130.531
-479.171 -224.517 1132.401
-481.821 -224.656 1133.886
-484.779 -224.813 1135.045
-487.754 -224.966 1135.791
-490.877 -225.126 1136.193
-493.918 -225.290 1136.332
-497.056 -225.455 1136.275
-500.047 -225.623 1136.010
-503.072 -225.860 1135.536
-506.081 -226.121 1134.772
-509.021 -226.362 1133.687
-511.780 -226.601 1132.331
-514.345 -226.841 1130.719
-516.709 -227.078 1128.837
-518.928 -227.326 1126.592
-520.817 -227.571 1124.127
-522.358 -227.815 1121.484
-523.525 -228.062 1118.728
-524.364 -228.333 1115.690
-524.782 -228.608 1112.579
-524.805 -228.898 1109.431
-524.497 -229.194 1106.396
-523.896 -229.497 1103.303
-523.077 -229.792 1100.291
-522.120 -230.070 1097.444
-520.991 -230.352 1094.547
-519.808 -230.628 1091.795
-518.526 -230.910 1088.966
-517.180 -231.190 1086.045
-515.912 -231.454 1083.288
-514.602 -231.712 1080.441
-513.276 -231.963 1077.565
-511.960 -232.214 1074.682
-510.699 -232.454 1071.837
-509.429 -232.700 1068.836
-508.291 -232.921 1065.949
-507.216 -233.136 1062.943
-506.275 -233.351 1059.929
-505.492 -233.568 1056.951
-504.850 -233.810 1053.841
-504.479 -234.044 1050.824
-504.418 -234.290 1047.684
-504.708 -234.544 1044.684
-505.401 -234.823 1041.634
-506.477 -235.112 1038.742
-507.876 -235.394 1035.972
-509.509 -235.658 1033.285
-511.061 -235.898 1030.701
-512.617 -236.127 1028.044
-514.339 -236.358 1025.350
-516.135 -236.565 1022.830
-517.971 -236.744 1020.438
-519.928 -236.923 1017.999
-521.983 -237.110 1015.505
-523.975 -237.290 1013.130
-526.065 -237.478 1010.664
-528.040 -237.654 1008.353
-530.054 -237.830 1006.008
-532.112 -238.006 1003.627
-534.168 -238.174 1001.264
-536.193 -238.331 998.963
-538.197 -238.480 996.733
-540.333 -238.636 994.437
-542.476 -238.794 992.240
-544.636 -238.955 990.160
-546.995 -239.127 988.067
-549.472 -239.298 986.099
-552.023 -239.464 984.333
-554.713 -239.646 982.746
-557.550 -239.837 981.354
-560.509 -240.030 980.171
-563.363 -240.213 979.247
-566.351 -240.400 978.485
-569.460 -240.589 977.903
-572.635 -240.781 977.515
-575.902 -240.981 977.328
-578.952 -241.166 977.343
-582.028 -241.353 977.543
-585.152 -241.543 977.933
-588.264 -241.734 978.504
-591.387 -241.931 979.255
-594.267 -242.115 980.104
-597.124 -242.299 981.082
-599.981 -242.491 982.183
-602.804 -242.690 983.381
-605.608 -242.888 984.667
-608.435 -243.088 986.046
-611.247 -243.285 987.500
-614.109 -243.480 989.047
-616.735 -243.649 990.497
-619.376 -243.813 991.945
-622.060 -243.980 993.374
-624.786 -244.152 994.753
-627.593 -244.330 996.082
-630.423 -244.510 997.327
-633.336 -244.695 998.521
-636.307 -244.881 999.652
-639.277 -245.068 1000.704
-642.306 -245.263 1001.710
-645.324 -245.475 1002.660
-648.277 -245.713 1003.550
-651.239 -245.999 1004.409
-654.166 -246.337 1005.232
-657.348 -246.743 1006.080
-660.487 -247.201 1006.876
-663.555 -247.685 1007.592
-666.615 -248.164 1008.223
-669.628 -248.623 1008.758
-672.837 -249.114 1009.248
-676.013 -249.600 1009.662
-679.103 -250.072 1009.995
-682.166 -250.538 1010.246
-685.208 -250.998 1010.402
-688.189 -251.450 1010.456
-691.169 -251.905 1010.407
-694.339 -252.393 1010.242
-697.502 -252.882 1009.959
-700.617 -253.366 1009.559
-703.722 -253.850 1009.038
-706.826 -254.337 1008.398
-709.893 -254.815 1007.652
-712.981 -255.275 1006.797
-716.078 -255.698 1005.854
-718.936 -256.052 1004.931
-721.767 -256.368 1003.985
-724.605 -256.655 1003.011
-727.450 -256.927 1002.020
-730.284 -257.195 1001.030
-733.154 -257.466 1000.029
-736.044 -257.737 999.028
-738.904 -258.003 998.049
-741.807 -258.272 997.073
-744.730 -258.543 996.114
-747.667 -258.817 995.182
-750.625 -259.091 994.283
-753.564 -259.361 993.430
-756.562 -259.634 992.604
-759.567 -259.905 991.816
-762.566 -260.175 991.064
-765.604 -260.447 990.335
-768.670 -260.721 989.638
-771.742 -260.995 988.984
-774.820 -261.270 988.377
-777.900 -261.546 987.818
-781.039 -261.829 987.299
-784.164 -262.116 986.833
-787.287 -262.406 986.416
-790.440 -262.702 986.045
-793.610 -263.001 985.717
-796.754 -263.293 985.430
-799.855 -263.571 985.174
-802.929 -263.839 984.932
-805.949 -264.100 984.687
-808.939 -264.360 984.425
-812.144 -264.641 984.107
-815.298 -264.920 983.740
-818.381 -265.196 983.310
-821.396 -265.467 982.798
-824.339 -265.690 982.186
-827.428 -265.886 981.434
-830.424 -266.074 980.608
-833.332 -266.236 979.719
-836.325 -266.394 978.722
-839.198 -266.546 977.683
-842.154 -266.706 976.529
-845.002 -266.863 975.333
-847.899 -267.025 974.035
-850.686 -267.183 972.711
-853.538 -267.346 971.301
-856.284 -267.502 969.920
-858.960 -267.653 968.565