# TougeSpotter road recording
# track: ek_tsubaki_line_freeroam
# points: 2430
# format: x y z (world metres, in driving order)
304.564 129.515 -1661.329
305.392 129.459 -1658.444
306.209 129.413 -1655.520
307.005 129.366 -1652.535
307.739 129.310 -1649.614
308.576 129.248 -1646.586
309.476 129.181 -1643.576
310.402 129.117 -1640.676
311.375 129.061 -1637.756
312.380 129.014 -1634.830
313.425 128.981 -1631.960
314.606 128.960 -1628.984
315.868 128.946 -1626.096
317.195 128.926 -1623.352
318.691 128.893 -1620.527
320.203 128.849 -1617.864
321.843 128.794 -1615.133
323.465 128.735 -1612.579
325.214 128.668 -1609.996
327.105 128.593 -1607.396
328.952 128.519 -1605.026
330.933 128.440 -1602.640
333.021 128.360 -1600.265
335.209 128.282 -1597.894
337.307 128.215 -1595.708
339.424 128.155 -1593.571
341.565 128.104 -1591.467
343.776 128.063 -1589.348
346.067 128.038 -1587.208
348.408 128.034 -1585.069
350.780 128.048 -1582.937
353.186 128.072 -1580.795
355.660 128.096 -1578.594
358.119 128.113 -1576.397
360.359 128.123 -1574.381
362.599 128.127 -1572.346
364.840 128.114 -1570.291
367.248 128.078 -1568.069
369.599 128.018 -1565.885
371.893 127.943 -1563.744
374.139 127.858 -1561.643
376.340 127.768 -1559.583
378.719 127.669 -1557.350
381.007 127.574 -1555.193
383.195 127.496 -1553.121
385.502 127.423 -1550.924
387.683 127.358 -1548.822
389.901 127.291 -1546.614
391.951 127.227 -1544.424
393.921 127.163 -1542.034
395.694 127.108 -1539.404
397.080 127.079 -1536.693
398.109 127.054 -1533.749
398.685 127.033 -1530.765
398.815 127.008 -1527.641
398.489 126.976 -1524.624
397.672 126.934 -1521.608
396.393 126.875 -1518.846
394.606 126.788 -1516.294
392.402 126.653 -1514.043
389.920 126.481 -1512.071
387.277 126.299 -1510.342
384.550 126.158 -1508.757
381.843 126.145 -1507.193
379.169 126.228 -1505.503
376.652 126.314 -1503.666
374.352 126.378 -1501.677
372.151 126.386 -1499.410
370.235 126.315 -1497.040
368.598 126.197 -1494.520
367.281 126.106 -1491.722
366.424 126.049 -1488.706
366.144 126.011 -1485.575
366.519 125.971 -1482.452
367.529 125.915 -1479.627
369.174 125.827 -1477.081
371.345 125.700 -1474.950
373.863 125.540 -1473.105
376.409 125.357 -1471.488
379.043 125.152 -1469.951
381.701 124.950 -1468.502
384.365 124.758 -1467.113
387.190 124.569 -1465.666
389.935 124.408 -1464.257
392.597 124.283 -1462.868
395.352 124.189 -1461.394
398.163 124.124 -1459.849
400.868 124.086 -1458.328
403.613 124.068 -1456.751
406.431 124.066 -1455.104
409.066 124.083 -1453.538
411.742 124.113 -1451.918
414.464 124.136 -1450.229
417.232 124.124 -1448.459
419.743 124.085 -1446.797
422.290 124.027 -1445.040
424.819 123.954 -1443.216
427.376 123.868 -1441.282
429.868 123.771 -1439.305
432.331 123.662 -1437.259
434.798 123.544 -1435.123
437.247 123.419 -1432.906
439.674 123.289 -1430.611
441.845 123.169 -1428.468
443.985 123.051 -1426.264
446.115 122.935 -1423.978
448.224 122.825 -1421.609
450.270 122.727 -1419.205
452.325 122.640 -1416.678
454.314 122.562 -1414.127
456.288 122.480 -1411.496
458.249 122.395 -1408.783
460.155 122.305 -1406.051
461.861 122.218 -1403.531
463.538 122.125 -1400.985
465.196 122.027 -1398.407
466.859 121.922 -1395.765
468.482 121.814 -1393.138
470.115 121.702 -1390.449
471.731 121.586 -1387.749
473.295 121.474 -1385.098
474.845 121.363 -1382.433
476.359 121.257 -1379.785
477.849 121.157 -1377.128
479.444 121.054 -1374.215
480.988 120.961 -1371.305
482.482 120.876 -1368.383
483.894 120.797 -1365.490
485.257 120.715 -1362.538
486.532 120.629 -1359.595
487.729 120.536 -1356.641
488.863 120.434 -1353.647
489.919 120.323 -1350.666
490.916 120.203 -1347.673
491.858 120.074 -1344.661
492.740 119.937 -1341.643
493.567 119.793 -1338.591
494.333 119.645 -1335.510
495.030 119.493 -1332.439
495.664 119.342 -1329.341
496.236 119.195 -1326.227
496.738 119.062 -1323.158
497.182 118.946 -1320.144
497.590 118.839 -1317.103
497.994 118.729 -1313.804
498.352 118.624 -1310.525
498.650 118.520 -1307.302
498.882 118.408 -1304.073
499.043 118.288 -1300.859
499.130 118.155 -1297.628
499.140 118.015 -1294.449
499.065 117.855 -1291.266
498.886 117.680 -1288.093
498.592 117.491 -1284.891
498.178 117.287 -1281.676
497.646 117.068 -1278.477
496.980 116.831 -1275.248
496.175 116.595 -1272.051
495.229 116.386 -1268.907
494.161 116.213 -1265.842
493.006 116.061 -1262.864
491.786 115.924 -1259.988
490.486 115.802 -1257.125
489.182 115.717 -1254.350
487.876 115.671 -1251.598
486.506 115.623 -1248.666
485.201 115.558 -1245.780
483.993 115.488 -1242.975
482.838 115.414 -1240.137
481.757 115.336 -1237.307
480.687 115.246 -1234.240
479.742 115.143 -1231.133
478.957 115.023 -1228.031
478.337 114.880 -1224.892
477.886 114.719 -1221.694
477.611 114.547 -1218.481
477.512 114.365 -1215.194
477.589 114.193 -1212.179
477.833 114.019 -1209.177
478.249 113.843 -1206.186
478.846 113.666 -1203.181
479.619 113.493 -1200.219
480.588 113.322 -1197.237
481.724 113.158 -1194.305
483.041 113.006 -1191.370
484.539 112.865 -1188.436
486.039 112.752 -1185.808
487.670 112.656 -1183.198
489.430 112.558 -1180.578
491.280 112.453 -1177.980
493.238 112.335 -1175.363
495.246 112.206 -1172.801
497.161 112.075 -1170.468
499.137 111.931 -1168.171
501.180 111.770 -1165.906
503.246 111.600 -1163.716
505.370 111.416 -1161.558
507.721 111.203 -1159.270
510.080 110.983 -1157.085
512.458 110.758 -1154.992
514.835 110.531 -1153.017
517.219 110.303 -1151.157
519.852 110.058 -1149.249
522.533 109.811 -1147.465
525.254 109.558 -1145.819
528.014 109.300 -1144.318
530.852 109.032 -1142.941
533.752 108.759 -1141.703
536.741 108.491 -1140.599
539.806 108.252 -1139.645
542.970 108.063 -1138.840
545.910 107.923 -1138.231
548.946 107.791 -1137.721
551.982 107.662 -1137.322
555.031 107.534 -1137.020
558.037 107.411 -1136.803
561.038 107.295 -1136.641
564.272 107.188 -1136.491
567.439 107.073 -1136.334
570.481 106.941 -1136.142
573.499 106.803 -1135.883
576.728 106.648 -1135.503
579.898 106.480 -1135.005
583.026 106.303 -1134.354
586.074 106.117 -1133.536
589.040 105.916 -1132.541
591.929 105.698 -1131.356
594.767 105.466 -1129.964
597.551 105.222 -1128.369
600.240 104.968 -1126.599
602.644 104.725 -1124.812
604.970 104.474 -1122.873
607.209 104.215 -1120.790
609.363 103.951 -1118.558
611.433 103.688 -1116.162
613.430 103.428 -1113.576
615.142 103.198 -1111.112
616.773 102.970 -1108.545
618.349 102.745 -1105.841
619.870 102.532 -1103.038
621.373 102.333 -1100.188
622.923 102.150 -1097.279
624.369 101.996 -1094.636
625.834 101.850 -1092.018
627.325 101.707 -1089.373
628.819 101.568 -1086.712
630.298 101.429 -1084.032
631.776 101.284 -1081.277
633.231 101.129 -1078.459
634.648 100.957 -1075.589
636.015 100.765 -1072.676
637.348 100.548 -1069.693
638.646 100.304 -1066.644
639.914 100.037 -1063.521
641.114 99.765 -1060.402
642.166 99.518 -1057.520
643.164 99.282 -1054.629
644.118 99.058 -1051.713
645.012 98.870 -1048.836
645.967 98.709 -1045.642
646.883 98.591 -1042.500
647.756 98.506 -1039.470
648.618 98.444 -1036.454
649.470 98.399 -1033.441
650.292 98.363 -1030.516
651.100 98.333 -1027.616
651.987 98.298 -1024.412
652.840 98.257 -1021.323
653.682 98.225 -1018.264
654.507 98.192 -1015.269
655.313 98.146 -1012.346
656.185 98.070 -1009.199
657.049 97.958 -1006.117
657.915 97.808 -1003.111
658.804 97.623 -1000.180
659.757 97.402 -997.310
660.896 97.126 -994.292
662.174 96.825 -991.393
663.651 96.500 -988.544
665.270 96.177 -985.886
667.081 95.861 -983.354
669.084 95.573 -980.985
671.285 95.329 -978.772
673.654 95.120 -976.675
675.984 94.937 -974.779
678.398 94.759 -972.928
680.950 94.590 -971.061
683.565 94.455 -969.177
686.190 94.351 -967.206
688.734 94.249 -965.144
691.173 94.143 -962.974
693.503 94.039 -960.674
695.719 93.941 -958.243
697.799 93.853 -955.696
699.737 93.771 -953.059
701.546 93.683 -950.318
703.203 93.578 -947.512
704.687 93.445 -944.690
706.027 93.277 -941.801
707.193 93.090 -938.876
708.177 92.899 -935.920
708.996 92.706 -932.878
709.641 92.518 -929.748
710.110 92.350 -926.587
710.422 92.209 -923.368
710.584 92.090 -920.112
710.606 91.985 -916.888
710.513 91.881 -913.696
710.340 91.769 -910.568
710.117 91.662 -907.535
709.853 91.562 -904.367
709.589 91.467 -901.190
709.356 91.349 -898.163
709.149 91.186 -894.997
709.003 91.005 -891.989
708.934 90.795 -888.905
709.003 90.563 -885.785
709.277 90.327 -882.787
709.846 90.078 -879.706
710.702 89.827 -876.742
711.836 89.570 -873.803
713.133 89.334 -871.071
714.687 89.106 -868.404
716.485 88.890 -865.897
718.449 88.704 -863.608
720.651 88.556 -861.428
722.921 88.450 -859.430
725.338 88.350 -857.473
727.919 88.237 -855.539
730.428 88.122 -853.797
733.099 88.012 -852.062
735.797 87.937 -850.366
738.485 87.935 -848.638
741.098 87.951 -846.893
743.646 87.915 -845.117
746.136 87.838 -843.279
748.527 87.736 -841.393
750.991 87.604 -839.302
753.321 87.450 -837.129
755.491 87.280 -834.854
757.472 87.095 -832.468
759.249 86.896 -829.960
760.792 86.684 -827.356
762.097 86.460 -824.653
763.240 86.207 -821.621
764.046 85.968 -818.730
764.619 85.733 -815.722
764.948 85.514 -812.607
765.033 85.318 -809.381
764.900 85.160 -806.332
764.576 85.026 -803.197
764.086 84.908 -799.986
763.512 84.809 -796.969
762.854 84.718 -793.936
762.122 84.636 -790.811
761.354 84.561 -787.617
760.652 84.494 -784.659
759.957 84.424 -781.653
759.268 84.344 -778.586
758.576 84.245 -775.456
757.875 84.119 -772.264
757.171 83.961 -769.056
756.456 83.775 -765.806
755.744 83.592 -762.576
755.083 83.436 -759.580
754.412 83.298 -756.552
753.738 83.176 -753.513
753.047 83.073 -750.407
752.351 82.990 -747.283
751.642 82.929 -744.103
750.924 82.891 -740.886
750.196 82.873 -737.610
749.480 82.868 -734.368
748.775 82.872 -731.143
748.089 82.879 -727.977
747.424 82.877 -724.878
746.779 82.859 -721.857
746.151 82.819 -718.888
745.467 82.751 -715.638
744.804 82.664 -712.477
744.148 82.564 -709.342
743.508 82.462 -706.269
742.902 82.361 -703.320
742.277 82.252 -700.187
741.717 82.142 -697.200
741.195 82.025 -694.105
740.740 81.897 -690.893
740.410 81.758 -687.754
740.214 81.614 -684.717
740.178 81.456 -681.608
740.360 81.286 -678.424
740.750 81.121 -675.314
741.343 80.963 -672.300
742.259 80.797 -669.254
743.520 80.632 -666.412
745.120 80.465 -663.825
747.060 80.289 -661.428
749.169 80.121 -659.299
751.482 79.954 -657.346
753.995 79.789 -655.538
756.548 79.622 -653.928
759.297 79.429 -652.359
762.008 79.221 -650.938
764.866 78.980 -649.548
767.621 78.738 -648.295
770.526 78.486 -647.033
773.511 78.237 -645.762
776.333 78.008 -644.549
779.221 77.779 -643.265
782.165 77.537 -641.891
784.856 77.298 -640.567
787.565 77.037 -639.162
790.305 76.750 -637.663
793.062 76.442 -636.072
795.834 76.129 -634.375
798.622 75.830 -632.563
801.101 75.587 -630.863
803.584 75.367 -629.085
806.055 75.168 -627.245
808.511 74.986 -625.358
810.943 74.817 -623.443
813.350 74.659 -621.518
815.728 74.518 -619.610
818.078 74.389 -617.742
820.681 74.246 -615.719
823.228 74.101 -613.806
825.725 73.960 -612.018
828.216 73.825 -610.340
830.917 73.690 -608.659
833.656 73.565 -607.111
836.409 73.442 -605.684
839.352 73.306 -604.253
842.176 73.164 -602.947
844.968 73.008 -601.721
847.901 72.822 -600.479
850.710 72.618 -599.323
853.593 72.405 -598.199
856.531 72.185 -597.116
859.453 71.969 -596.065
862.287 71.755 -594.914
864.933 71.544 -593.504
867.337 71.322 -591.700
869.324 71.065 -589.421
870.693 70.770 -586.677
871.308 70.438 -583.682
871.232 70.063 -580.624
870.418 69.662 -577.697
868.813 69.245 -575.065
866.602 68.804 -572.880
864.103 68.346 -571.217
861.338 67.909 -570.058
858.301 67.531 -569.431
855.291 67.207 -569.358
852.289 66.923 -569.828
849.385 66.719 -570.864
846.663 66.586 -572.423
844.232 66.461 -574.282
841.936 66.311 -576.301
839.580 66.135 -578.454
837.289 65.948 -580.551
835.074 65.747 -582.629
832.817 65.517 -584.836
830.646 65.291 -587.024
828.403 65.074 -589.310
826.234 64.884 -591.510
823.987 64.709 -593.724
821.794 64.569 -595.770
819.478 64.463 -597.789
817.043 64.386 -599.770
814.477 64.317 -601.728
812.032 64.274 -603.476
809.505 64.257 -605.174
806.902 64.254 -606.820
804.208 64.255 -608.429
801.421 64.238 -610.009
798.618 64.197 -611.512
795.747 64.134 -612.968
792.851 64.049 -614.365
789.854 63.932 -615.753
787.102 63.800 -616.973
784.325 63.650 -618.156
781.476 63.482 -619.330
778.599 63.297 -620.488
775.647 63.092 -621.665
772.682 62.873 -622.850
769.659 62.646 -624.071
766.662 62.438 -625.303
763.663 62.267 -626.556
760.742 62.125 -627.792
757.895 61.992 -629.010
755.116 61.873 -630.212
752.149 61.754 -631.508
749.283 61.641 -632.777
746.510 61.532 -634.020
743.635 61.424 -635.328
740.688 61.313 -636.699
737.867 61.203 -638.052
735.181 61.091 -639.392
732.423 60.967 -640.864
729.769 60.834 -642.434
727.227 60.687 -644.149
724.843 60.531 -646.005
722.447 60.348 -648.169
720.377 60.155 -650.334
718.445 59.939 -652.660
716.661 59.709 -655.148
715.039 59.480 -657.821
713.618 59.246 -660.629
712.410 59.009 -663.582
711.435 58.769 -666.656
710.705 58.524 -669.802
710.243 58.288 -672.790
709.994 58.043 -675.831
709.955 57.793 -678.917
710.125 57.538 -682.049
710.491 57.279 -685.200
711.042 57.008 -688.405
711.696 56.748 -691.389
712.488 56.477 -694.429
713.404 56.198 -697.515
714.418 55.926 -700.660
715.371 55.705 -703.578
716.301 55.513 -706.575
717.168 55.349 -709.651
717.948 55.221 -712.805
718.641 55.127 -716.026
719.257 55.045 -719.315
719.746 54.973 -722.319
720.167 54.897 -725.313
720.537 54.809 -728.372
720.851 54.704 -731.410
721.116 54.569 -734.493
721.328 54.398 -737.615
721.482 54.193 -740.782
721.569 53.956 -744.003
721.581 53.694 -747.241
721.506 53.417 -750.512
721.335 53.141 -753.841
721.092 52.892 -757.084
720.801 52.671 -760.299
720.494 52.479 -763.406
720.170 52.312 -766.479
719.834 52.170 -769.492
719.451 52.034 -772.761
719.051 51.919 -775.952
718.635 51.817 -779.062
718.203 51.723 -782.031
717.689 51.620 -785.163
717.113 51.507 -788.171
716.389 51.366 -791.275
715.511 51.201 -794.307
714.474 51.010 -797.249
713.267 50.789 -800.158
711.912 50.554 -803.002
710.383 50.309 -805.840
708.682 50.055 -808.622
706.815 49.798 -811.296
704.947 49.561 -813.647
702.918 49.326 -815.898
700.743 49.102 -818.025
698.452 48.889 -820.005
696.025 48.680 -821.867
693.461 48.469 -823.620
690.797 48.258 -825.248
688.019 48.055 -826.769
685.113 47.865 -828.209
682.388 47.701 -829.465
679.415 47.544 -830.810
676.466 47.447 -832.202
673.595 47.377 -833.652
670.827 47.306 -835.159
668.162 47.228 -836.743
665.586 47.128 -838.436
663.152 47.001 -840.217
660.825 46.851 -842.128
658.480 46.670 -844.311
656.291 46.458 -846.623
654.242 46.201 -849.077
652.348 45.912 -851.666
650.603 45.594 -854.406
649.154 45.295 -857.046
647.851 45.001 -859.817
646.696 44.715 -862.684
645.667 44.429 -865.669
644.764 44.145 -868.750
643.987 43.865 -871.941
643.399 43.623 -874.912
642.912 43.402 -877.953
642.493 43.221 -880.952
642.077 43.083 -883.923
641.599 42.957 -887.048
641.071 42.832 -890.048
640.405 42.693 -893.203
639.637 42.549 -896.206
638.671 42.375 -899.307
637.548 42.175 -902.235
636.218 41.950 -905.048
634.690 41.707 -907.703
632.959 41.448 -910.208
630.985 41.178 -912.628
628.801 40.898 -914.935
626.598 40.629 -916.968
624.244 40.360 -918.869
621.701 40.091 -920.657
619.022 39.825 -922.300
616.192 39.551 -923.858
613.483 39.306 -925.300
610.769 39.115 -926.834
608.128 38.979 -928.495
605.630 38.854 -930.254
603.226 38.732 -932.163
600.797 38.607 -934.359
598.541 38.493 -936.698
596.559 38.373 -938.996
594.647 38.220 -941.432
592.843 38.049 -943.971
591.117 37.871 -946.691
589.518 37.681 -949.512
588.141 37.482 -952.179
586.844 37.266 -954.899
585.666 37.057 -957.691
584.520 36.871 -960.716
583.451 36.731 -963.634
582.303 36.597 -966.688
581.157 36.449 -969.604
579.993 36.299 -972.366
578.688 36.137 -975.204
577.316 35.973 -977.913
575.749 35.779 -980.707
574.054 35.569 -983.376
572.174 35.360 -985.913
570.108 35.149 -988.248
567.804 34.925 -990.424
565.448 34.703 -992.300
562.879 34.466 -994.040
560.107 34.225 -995.619
557.370 34.013 -996.904
554.484 33.813 -997.999
551.483 33.612 -998.917
548.369 33.403 -999.735
545.402 33.215 -1000.436
542.348 33.032 -1001.088
539.214 32.858 -1001.684
536.083 32.693 -1002.218
532.945 32.537 -1002.704
529.839 32.384 -1003.141
526.814 32.231 -1003.518
523.622 32.062 -1003.845
520.469 31.882 -1004.060
517.380 31.702 -1004.115
514.325 31.520 -1003.979
511.307 31.333 -1003.638
508.362 31.140 -1003.094
505.257 30.926 -1002.276
502.247 30.707 -1001.221
499.367 30.482 -999.943
496.585 30.243 -998.437
494.057 30.012 -996.828
491.575 29.772 -995.007
489.171 29.526 -992.984
486.850 29.279 -990.751
484.811 29.060 -988.520
482.884 28.855 -986.145
481.018 28.654 -983.602
479.205 28.451 -980.933
477.588 28.262 -978.414
475.982 28.069 -975.812
474.377 27.875 -973.147
472.770 27.695 -970.454
471.166 27.571 -967.785
469.556 27.514 -965.151
467.810 27.436 -962.348
466.083 27.332 -959.647
464.353 27.236 -957.045
462.638 27.143 -954.582
460.757 27.029 -952.033
458.855 26.889 -949.646
456.744 26.702 -947.244
454.482 26.485 -944.971
452.134 26.259 -942.910
449.660 26.010 -941.016
447.055 25.737 -939.312
444.356 25.460 -937.857
441.569 25.186 -936.677
438.517 24.898 -935.730
435.410 24.611 -935.117
432.231 24.331 -934.845
429.010 24.076 -934.908
425.965 23.858 -935.231
422.873 23.636 -935.771
419.736 23.410 -936.523
416.768 23.201 -937.424
413.782 23.004 -938.515
410.859 22.835 -939.702
407.879 22.722 -940.852
404.931 22.686 -941.813
401.936 22.653 -942.608
398.948 22.619 -943.207
395.962 22.583 -943.609
392.941 22.528 -943.828
389.885 22.444 -943.873
386.808 22.316 -943.753
383.713 22.146 -943.461
380.580 21.948 -942.974
377.479 21.744 -942.286
374.394 21.535 -941.393
371.567 21.336 -940.397
368.746 21.132 -939.240
365.907 20.926 -937.936
363.035 20.729 -936.503
360.367 20.566 -935.115
357.654 20.425 -933.689
354.889 20.303 -932.248
352.083 20.190 -930.805
349.195 20.070 -929.344
346.241 19.938 -927.878
343.543 19.813 -926.567
340.819 19.684 -925.265
338.037 19.547 -923.953
335.252 19.404 -922.651
332.474 19.254 -921.360
329.722 19.103 -920.086
326.996 18.946 -918.826
324.030 18.769 -917.457
321.191 18.599 -916.144
318.443 18.440 -914.871
315.589 18.283 -913.542
312.835 18.151 -912.252
310.122 18.042 -910.968
307.197 17.951 -909.557
304.314 17.874 -908.129
301.539 17.799 -906.706
298.880 17.723 -905.268
296.111 17.630 -903.665
293.518 17.527 -902.033
290.897 17.407 -900.180
288.482 17.278 -898.195
286.285 17.135 -896.061
284.190 16.965 -893.662
282.325 16.781 -891.146
280.700 16.581 -888.538
279.318 16.367 -885.857
278.116 16.117 -882.942
277.211 15.838 -879.978
276.627 15.541 -876.974
276.359 15.241 -873.930
276.382 14.951 -870.831
276.743 14.682 -867.792
277.448 14.430 -864.802
278.454 14.207 -861.807
279.684 14.023 -859.038
281.219 13.841 -856.364
283.043 13.646 -853.879
285.231 13.464 -851.570
287.549 13.301 -849.622
290.118 13.148 -847.868
292.888 12.997 -846.354
295.813 12.845 -845.129
298.880 12.684 -844.209
302.028 12.511 -843.612
305.014 12.327 -843.336
308.209 12.102 -843.342
311.359 11.854 -843.676
314.387 11.591 -844.336
317.362 11.307 -845.333
320.252 11.006 -846.650
322.871 10.707 -848.151
325.393 10.391 -849.898
327.818 10.063 -851.900
330.104 9.732 -854.126
332.096 9.425 -856.401
333.936 9.127 -858.859
335.632 8.841 -861.526
337.171 8.571 -864.364
338.477 8.340 -867.133
339.699 8.134 -870.007
340.901 7.949 -872.983
342.027 7.791 -875.767
343.199 7.645 -878.572
344.458 7.516 -881.421
345.781 7.412 -884.217
347.178 7.325 -886.981
348.726 7.219 -889.878
350.309 7.083 -892.687
351.927 6.928 -895.401
353.566 6.754 -897.995
355.244 6.561 -900.496
357.149 6.322 -903.137
359.141 6.062 -905.651
361.290 5.792 -908.066
363.567 5.539 -910.314
365.965 5.304 -912.380
368.489 5.062 -914.278
371.099 4.811 -915.973
373.832 4.555 -917.474
376.640 4.303 -918.736
379.534 4.060 -919.764
382.587 3.826 -920.581
385.672 3.606 -921.162
388.843 3.393 -921.525
391.961 3.207 -921.641
395.073 3.047 -921.505
398.100 2.910 -921.122
401.046 2.785 -920.505
404.139 2.655 -919.586
406.976 2.529 -918.511
409.786 2.391 -917.269
412.645 2.232 -915.869
415.326 2.069 -914.471
418.033 1.895 -913.031
420.872 1.739 -911.574
423.774 1.631 -910.194
426.736 1.530 -908.899
429.716 1.405 -907.701
432.632 1.265 -906.638
435.506 1.116 -905.699
438.562 0.942 -904.830
441.561 0.750 -904.136
444.733 0.530 -903.596
447.929 0.294 -903.260
451.094 0.057 -903.139
454.237 -0.164 -903.242
457.313 -0.364 -903.588
460.330 -0.560 -904.190
463.235 -0.757 -905.048
466.238 -0.980 -906.257
469.046 -1.216 -907.725
471.635 -1.463 -909.429
474.103 -1.727 -911.423
476.297 -1.979 -913.506
478.427 -2.235 -915.797
480.512 -2.490 -918.299
482.394 -2.710 -920.784
484.259 -2.877 -923.425
486.009 -2.963 -925.917
487.831 -3.001 -928.363
489.891 -3.036 -930.888
492.067 -3.073 -933.265
494.355 -3.108 -935.462
496.746 -3.140 -937.452
499.248 -3.183 -939.244
501.990 -3.249 -940.904
504.824 -3.329 -942.300
507.726 -3.423 -943.405
510.645 -3.534 -944.207
513.794 -3.672 -944.736
516.928 -3.829 -944.916
520.008 -4.006 -944.753
523.008 -4.202 -944.248
526.006 -4.418 -943.395
528.951 -4.648 -942.210
531.642 -4.877 -940.814
534.235 -5.114 -939.153
536.719 -5.353 -937.217
539.058 -5.583 -935.013
541.067 -5.790 -932.766
542.944 -6.001 -930.321
544.692 -6.219 -927.692
546.314 -6.436 -924.877
547.686 -6.638 -922.155
548.958 -6.851 -919.298
550.132 -7.071 -916.331
551.158 -7.271 -913.514
552.204 -7.449 -910.645
553.335 -7.595 -907.755
554.587 -7.715 -904.863
555.945 -7.809 -902.032
557.402 -7.876 -899.264
558.913 -7.921 -896.614
560.492 -7.953 -894.029
562.235 -7.982 -891.340
563.962 -8.013 -888.807
565.805 -8.053 -886.181
567.610 -8.106 -883.559
569.249 -8.167 -880.954
570.712 -8.237 -878.274
572.061 -8.324 -875.302
573.156 -8.430 -872.268
573.967 -8.553 -869.370
574.591 -8.705 -866.407
575.043 -8.891 -863.364
575.314 -9.106 -860.320
575.406 -9.341 -857.245
575.312 -9.584 -854.170
575.045 -9.810 -851.142
574.638 -9.999 -848.152
574.142 -10.170 -844.964
573.687 -10.323 -841.828
573.338 -10.474 -838.776
573.144 -10.634 -835.769
573.173 -10.815 -832.573
573.493 -11.003 -829.445
574.135 -11.206 -826.365
575.106 -11.402 -823.440
576.443 -11.582 -820.560
578.090 -11.738 -817.816
580.014 -11.872 -815.226
582.172 -12.005 -812.840
584.516 -12.149 -810.703
587.060 -12.325 -808.728
589.583 -12.527 -806.931
592.228 -12.755 -805.098
594.768 -12.976 -803.356
597.380 -13.177 -801.548
600.023 -13.327 -799.601
602.361 -13.429 -797.702
604.616 -13.526 -795.666
606.761 -13.623 -793.505
608.784 -13.720 -791.217
610.694 -13.817 -788.801
612.495 -13.914 -786.255
614.133 -14.000 -783.651
615.627 -14.076 -780.953
616.962 -14.155 -778.194
618.157 -14.253 -775.344
619.195 -14.369 -772.437
620.085 -14.498 -769.448
620.817 -14.641 -766.408
621.406 -14.802 -763.293
621.857 -14.989 -760.070
622.142 -15.200 -756.827
622.248 -15.422 -753.548
622.188 -15.625 -750.522
621.985 -15.822 -747.523
621.642 -16.012 -744.524
621.150 -16.195 -741.499
620.515 -16.362 -738.518
619.718 -16.516 -735.539
618.780 -16.653 -732.642
617.686 -16.771 -729.760
616.445 -16.870 -726.883
615.089 -16.953 -724.047
613.610 -17.024 -721.203
612.023 -17.090 -718.344
610.348 -17.156 -715.493
608.613 -17.212 -712.694
606.841 -17.247 -709.969
605.009 -17.273 -707.262
603.166 -17.306 -704.625
601.321 -17.356 -702.062
599.457 -17.431 -699.552
597.581 -17.533 -697.118
595.659 -17.662 -694.729
593.695 -17.816 -692.401
591.671 -17.994 -690.134
589.589 -18.195 -687.963
587.212 -18.435 -685.692
584.742 -18.683 -683.563
582.191 -18.931 -681.595
579.551 -19.177 -679.786
576.824 -19.417 -678.141
574.054 -19.643 -676.682
571.222 -19.856 -675.385
568.324 -20.053 -674.229
565.419 -20.230 -673.199
562.511 -20.376 -672.242
559.589 -20.475 -671.309
556.700 -20.523 -670.378
553.625 -20.554 -669.361
550.709 -20.591 -668.360
547.720 -20.641 -667.281
544.709 -20.718 -666.117
541.838 -20.831 -664.906
539.102 -20.977 -663.633
536.410 -21.150 -662.254
533.647 -21.342 -660.699
530.999 -21.525 -658.990
528.545 -21.685 -657.045
526.382 -21.832 -654.857
524.558 -21.979 -652.463
523.023 -22.139 -649.736
521.917 -22.310 -646.875
521.217 -22.512 -643.780
520.956 -22.722 -640.703
521.067 -22.923 -637.682
521.515 -23.124 -634.581
522.236 -23.314 -631.580
523.194 -23.520 -628.531
524.245 -23.735 -625.600
525.381 -23.973 -622.585
526.491 -24.211 -619.696
527.664 -24.470 -616.717
528.812 -24.739 -613.912
530.049 -25.048 -611.054
531.396 -25.392 -608.159
532.862 -25.763 -605.257
534.328 -26.125 -602.594
535.919 -26.496 -599.950
537.664 -26.863 -597.322
539.574 -27.206 -594.739
541.599 -27.508 -592.283
543.755 -27.777 -589.924
546.050 -28.024 -587.652
548.494 -28.255 -585.452
551.060 -28.473 -583.348
553.734 -28.686 -581.344
556.473 -28.894 -579.469
559.085 -29.082 -577.837
561.738 -29.264 -576.320
564.471 -29.443 -574.888
567.312 -29.622 -573.521
570.193 -29.808 -572.233
573.165 -30.015 -570.980
576.139 -30.236 -569.776
579.213 -30.478 -568.550
582.268 -30.735 -567.312
585.324 -31.002 -566.023
588.342 -31.258 -564.681
591.335 -31.530 -563.283
594.290 -31.814 -561.829
597.205 -32.096 -560.314
600.042 -32.366 -558.758
602.892 -32.630 -557.115
605.659 -32.870 -555.434
608.414 -33.075 -553.665
611.144 -33.247 -551.817
613.848 -33.403 -549.888
616.487 -33.553 -547.901
619.096 -33.710 -545.825
621.663 -33.884 -543.665
624.122 -34.078 -541.471
626.503 -34.288 -539.210
628.799 -34.507 -536.879
631.009 -34.735 -534.475
633.124 -34.976 -532.013
635.152 -35.235 -529.489
637.106 -35.515 -526.894
638.973 -35.813 -524.255
640.764 -36.130 -521.569
642.458 -36.456 -518.881
644.065 -36.768 -516.188
645.615 -37.037 -513.467
647.097 -37.261 -510.828
648.741 -37.496 -507.978
650.445 -37.714 -505.221
652.273 -37.909 -502.517
654.179 -38.085 -499.933
656.164 -38.249 -497.450
658.258 -38.392 -495.036
660.400 -38.507 -492.758
662.645 -38.606 -490.555
664.982 -38.706 -488.446
667.360 -38.810 -486.487
669.813 -38.932 -484.646
672.332 -39.081 -482.922
674.907 -39.257 -481.326
677.589 -39.454 -479.829
680.334 -39.661 -478.461
683.201 -39.878 -477.188
686.127 -40.103 -476.030
689.170 -40.342 -474.957
692.274 -40.590 -473.981
695.458 -40.845 -473.094
698.374 -41.073 -472.366
701.362 -41.303 -471.685
704.306 -41.530 -471.052
707.309 -41.745 -470.419
710.255 -41.920 -469.787
713.195 -42.059 -469.127
716.152 -42.188 -468.426
719.357 -42.321 -467.619
722.543 -42.437 -466.753
725.684 -42.535 -465.826
728.769 -42.632 -464.839
731.786 -42.730 -463.782
734.717 -42.831 -462.642
737.548 -42.939 -461.410
740.312 -43.062 -460.062
742.959 -43.200 -458.615
745.778 -43.376 -456.886
748.457 -43.581 -455.045
751.000 -43.813 -453.094
753.403 -44.066 -451.027
755.665 -44.333 -448.842
757.743 -44.605 -446.582
759.669 -44.885 -444.214
761.411 -45.162 -441.771
763.110 -45.462 -439.012
764.613 -45.759 -436.161
765.970 -46.050 -433.257
767.205 -46.331 -430.268
768.337 -46.592 -427.469
769.487 -46.846 -424.646
770.598 -47.088 -421.772
771.655 -47.300 -418.807
772.688 -47.449 -415.818
773.777 -47.550 -412.826
774.949 -47.634 -409.894
776.224 -47.712 -407.033
777.616 -47.788 -404.230
779.119 -47.872 -401.474
780.731 -47.981 -398.741
782.437 -48.124 -396.036
784.251 -48.286 -393.344
786.149 -48.442 -390.684
787.973 -48.580 -388.232
789.873 -48.719 -385.755
791.789 -48.858 -383.323
793.735 -49.001 -380.911
795.651 -49.144 -378.591
797.739 -49.309 -376.121
799.766 -49.481 -373.776
801.916 -49.669 -371.340
804.014 -49.854 -369.008
806.070 -50.035 -366.785
808.268 -50.232 -364.544
810.542 -50.437 -362.453
812.908 -50.646 -360.578
815.533 -50.872 -358.844
818.243 -51.123 -357.396
821.011 -51.391 -356.266
824.059 -51.696 -355.411
827.215 -52.015 -354.923
830.267 -52.314 -354.795
833.364 -52.603 -354.967
836.328 -52.869 -355.375
839.349 -53.145 -355.989
842.247 -53.415 -356.738
845.179 -53.684 -357.633
848.219 -53.946 -358.665
851.049 -54.166 -359.678
853.992 -54.368 -360.749
856.973 -54.551 -361.834
860.071 -54.725 -362.951
862.939 -54.869 -363.971
865.867 -55.000 -365.003
868.863 -55.121 -366.067
871.867 -55.241 -367.177
874.858 -55.371 -368.361
877.766 -55.515 -369.611
880.677 -55.685 -370.982
883.472 -55.877 -372.423
886.313 -56.101 -374.017
889.102 -56.343 -375.709
891.861 -56.605 -377.509
894.561 -56.886 -379.400
896.960 -57.147 -381.186
899.357 -57.414 -383.080
901.727 -57.679 -385.064
904.067 -57.932 -387.134
906.377 -58.178 -389.279
908.688 -58.433 -391.513
910.974 -58.699 -393.803
913.269 -58.970 -396.167
915.588 -59.232 -398.585
917.709 -59.442 -400.769
919.841 -59.621 -402.903
922.044 -59.781 -405.026
924.327 -59.937 -407.136
926.668 -60.084 -409.201
929.084 -60.216 -411.226
931.567 -60.335 -413.206
934.120 -60.448 -415.148
936.718 -60.556 -417.036
939.336 -60.659 -418.858
941.974 -60.761 -420.624
944.590 -60.873 -422.325
947.195 -61.006 -423.980
949.776 -61.157 -425.587
952.635 -61.341 -427.322
955.436 -61.538 -428.972
958.284 -61.745 -430.590
961.051 -61.940 -432.117
963.783 -62.125 -433.583
966.465 -62.298 -434.982
969.396 -62.484 -436.470
972.213 -62.662 -437.862
974.972 -62.828 -439.171
977.961 -62.995 -440.496
980.854 -63.152 -441.651
983.694 -63.306 -442.637
986.753 -63.471 -443.517
989.728 -63.622 -444.170
992.833 -63.773 -444.633
995.827 -63.923 -444.837
998.971 -64.085 -444.754
1002.050 -64.252 -444.353
1005.034 -64.424 -443.641
1007.928 -64.613 -442.630
1010.685 -64.818 -441.345
1013.307 -65.039 -439.793
1015.782 -65.279 -437.983
1018.114 -65.541 -435.945
1020.409 -65.821 -433.736
1022.645 -66.052 -431.646
1025.017 -66.245 -429.665
1027.528 -66.401 -427.858
1030.117 -66.513 -426.300
1032.825 -66.617 -424.967
1035.649 -66.723 -423.852
1038.568 -66.840 -422.951
1041.598 -66.970 -422.251
1044.718 -67.104 -421.768
1047.895 -67.192 -421.531
1051.142 -67.267 -421.509
1054.348 -67.357 -421.666
1057.548 -67.453 -421.966
1060.670 -67.543 -422.325
1063.736 -67.636 -422.632
1066.935 -67.741 -422.803
1070.030 -67.856 -422.736
1073.053 -67.953 -422.364
1076.119 -68.013 -421.597
1078.968 -68.054 -420.481
1081.715 -68.097 -418.941
1084.091 -68.154 -417.111
1086.174 -68.231 -414.905
1087.857 -68.339 -412.349
1089.068 -68.496 -409.451
1089.668 -68.695 -406.474
1089.668 -68.940 -403.446
1089.106 -69.222 -400.426
1088.103 -69.501 -397.484
1086.826 -69.763 -394.621
1085.395 -70.022 -391.855
1083.851 -70.270 -389.153
1082.278 -70.488 -386.528
1080.655 -70.682 -383.786
1079.139 -70.845 -381.077
1077.668 -70.999 -378.238
1076.359 -71.130 -375.459
1075.125 -71.243 -372.552
1073.980 -71.339 -369.519
1073.023 -71.414 -366.612
1072.198 -71.471 -363.641
1071.513 -71.518 -360.630
1070.954 -71.586 -357.593
1070.522 -71.679 -354.544
1070.224 -71.795 -351.494
1070.049 -71.934 -348.234
1069.992 -72.069 -344.997
1069.950 -72.194 -341.789
1069.804 -72.312 -338.596
1069.500 -72.431 -335.461
1069.023 -72.557 -332.400
1068.354 -72.696 -329.339
1067.498 -72.847 -326.283
1066.476 -73.014 -323.235
1065.390 -73.188 -320.401
1064.163 -73.383 -317.545
1062.798 -73.581 -314.688
1061.289 -73.760 -311.831
1059.714 -73.908 -309.013
1058.188 -74.033 -306.277
1056.725 -74.161 -303.579
1055.261 -74.298 -300.761
1053.914 -74.438 -298.023
1052.603 -74.589 -295.152
1051.474 -74.731 -292.341
1050.493 -74.872 -289.334
1049.789 -75.007 -286.347
1049.348 -75.141 -283.322
1049.177 -75.273 -280.317
1049.296 -75.420 -277.138
1049.740 -75.580 -273.961
1050.440 -75.736 -270.993
1051.389 -75.902 -267.998
1052.483 -76.067 -265.184
1053.775 -76.249 -262.328
1055.126 -76.436 -259.648
1056.584 -76.639 -256.897
1058.080 -76.853 -254.046
1059.417 -77.055 -251.359
1060.739 -77.273 -248.513
1061.983 -77.496 -245.600
1063.171 -77.721 -242.540
1064.167 -77.912 -239.692
1065.084 -78.086 -236.767
1065.914 -78.241 -233.827
1066.663 -78.384 -230.913
1067.413 -78.543 -227.755
1068.094 -78.701 -224.691
1068.716 -78.858 -221.736
1069.349 -79.037 -218.598
1069.971 -79.218 -215.473
1070.584 -79.399 -212.447
1071.250 -79.586 -209.300
1071.915 -79.765 -206.370
1072.663 -79.958 -203.437
1073.549 -80.173 -200.550
1074.672 -80.401 -197.729
1076.139 -80.645 -195.034
1077.935 -80.888 -192.642
1080.171 -81.134 -190.411
1082.568 -81.361 -188.483
1085.211 -81.627 -186.742
1087.936 -81.920 -185.330
1090.851 -82.232 -184.190
1093.915 -82.549 -183.344
1096.969 -82.844 -182.801
1099.957 -83.132 -182.553
1103.029 -83.447 -182.529
1106.023 -83.744 -182.699
1109.093 -83.965 -183.046
1112.145 -84.107 -183.452
1115.178 -84.237 -183.797
1118.170 -84.366 -183.994
1121.332 -84.509 -183.976
1124.375 -84.637 -183.668
1127.414 -84.740 -182.998
1130.393 -84.824 -181.912
1133.086 -84.918 -180.476
1135.603 -85.044 -178.610
1137.747 -85.190 -176.415
1139.568 -85.360 -173.822
1140.932 -85.543 -171.007
1141.866 -85.738 -167.990
1142.419 -85.942 -164.935
1142.688 -86.174 -161.895
1142.733 -86.431 -158.882
1142.584 -86.716 -155.735
1142.301 -87.004 -152.627
1142.008 -87.285 -149.618
1141.801 -87.574 -146.470
1141.757 -87.831 -143.474
1141.890 -88.071 -140.371
1142.234 -88.275 -137.200
1142.759 -88.405 -134.233
1143.461 -88.510 -131.232
1144.304 -88.639 -128.215
1145.277 -88.796 -125.185
1146.404 -88.983 -122.105
1147.557 -89.172 -119.308
1148.839 -89.370 -116.528
1150.233 -89.565 -113.807
1151.705 -89.752 -111.177
1153.379 -89.940 -108.379
1155.063 -90.075 -105.684
1156.721 -90.149 -103.050
1158.303 -90.236 -100.458
1159.886 -90.340 -97.651
1161.309 -90.439 -94.800
1162.562 -90.532 -91.907
1163.648 -90.632 -88.978
1164.562 -90.747 -86.021
1165.299 -90.883 -83.032
1165.873 -91.041 -79.977
1166.293 -91.215 -76.815
1166.559 -91.404 -73.554
1166.664 -91.594 -70.490
1166.632 -91.804 -67.377
1166.447 -92.031 -64.163
1166.092 -92.264 -60.895
1165.626 -92.474 -57.926
1165.025 -92.695 -54.946
1164.319 -92.910 -52.010
1163.471 -93.074 -48.893
1162.628 -93.145 -45.864
1161.856 -93.202 -42.960
1161.114 -93.264 -39.858
1160.512 -93.333 -36.850
1160.048 -93.428 -33.669
1159.803 -93.537 -30.611
1159.766 -93.671 -27.408
1159.962 -93.831 -24.305
1160.390 -94.025 -21.253
1161.038 -94.252 -18.268
1161.929 -94.508 -15.358
1163.157 -94.807 -12.389
1164.584 -95.118 -9.686
1166.270 -95.461 -7.056
1168.204 -95.833 -4.538
1170.223 -96.200 -2.338
1172.605 -96.609 -0.184
1175.016 -97.000 1.612
1177.603 -97.396 3.188
1180.362 -97.799 4.537
1183.236 -98.201 5.627
1186.212 -98.598 6.450
1189.284 -98.991 7.004
1192.408 -99.377 7.290
1195.398 -99.731 7.330
1198.478 -100.069 7.145
1201.611 -100.383 6.738
1204.572 -100.654 6.189
1207.574 -100.912 5.516
1210.658 -101.169 4.733
1213.762 -101.425 3.865
1216.676 -101.662 2.971
1219.590 -101.895 1.995
1222.548 -102.129 0.917
1225.538 -102.366 -0.263
1228.555 -102.612 -1.551
1231.575 -102.865 -2.942
1234.281 -103.095 -4.285
1236.946 -103.319 -5.707
1239.602 -103.536 -7.228
1242.213 -103.746 -8.829
1244.815 -103.958 -10.529
1247.379 -104.168 -12.313
1249.919 -104.378 -14.189
1252.454 -104.588 -16.176
1254.957 -104.795 -18.256
1257.417 -104.995 -20.424
1259.834 -105.189 -22.675
1262.253 -105.377 -25.053
1264.342 -105.535 -27.202
1266.419 -105.686 -29.419
1268.496 -105.834 -31.703
1270.566 -105.983 -34.031
1272.632 -106.135 -36.389
1274.723 -106.293 -38.799
1276.816 -106.455 -41.226
1278.925 -106.626 -43.677
1281.043 -106.805 -46.136
1283.179 -106.991 -48.610
1285.384 -107.188 -51.156
1287.586 -107.387 -53.686
1289.782 -107.585 -56.198
1292.015 -107.785 -58.742
1294.223 -107.972 -61.246
1296.403 -108.145 -63.709
1298.570 -108.309 -66.148
1300.678 -108.480 -68.515
1302.774 -108.673 -70.860
1304.838 -108.879 -73.158
1306.907 -109.087 -75.442
1308.992 -109.285 -77.724
1311.028 -109.468 -79.929
1313.095 -109.638 -82.136
1315.411 -109.808 -84.568
1317.745 -109.958 -86.976
1320.076 -110.084 -89.337
1322.421 -110.188 -91.661
1324.767 -110.270 -93.931
1327.107 -110.333 -96.131
1329.408 -110.381 -98.227
1331.688 -110.423 -100.234
1334.189 -110.462 -102.351
1336.637 -110.493 -104.331
1339.021 -110.519 -106.172
1341.595 -110.551 -108.068
1344.162 -110.602 -109.854
1346.734 -110.668 -111.564
1349.310 -110.756 -113.242
1352.056 -110.865 -115.004
1354.753 -110.992 -116.685
1357.393 -111.132 -118.249
1360.047 -111.288 -119.717
1362.882 -111.472 -121.180
1365.643 -111.661 -122.533
1368.360 -111.844 -123.822
1371.217 -112.018 -125.132
1373.992 -112.176 -126.321
1376.935 -112.348 -127.431
1379.899 -112.552 -128.365
1383.001 -112.792 -129.115
1386.053 -112.985 -129.513
1389.121 -113.094 -129.418
1392.083 -113.152 -128.716
1394.866 -113.207 -127.285
1397.136 -113.295 -125.151
1398.662 -113.438 -122.450
1399.291 -113.656 -119.471
1399.142 -113.929 -116.426
1398.352 -114.217 -113.435
1397.006 -114.488 -110.658
1395.186 -114.735 -108.199
1392.887 -114.959 -106.074
1390.313 -115.147 -104.440
1387.438 -115.311 -103.238
1384.531 -115.441 -102.493
1381.423 -115.577 -101.989
1378.421 -115.731 -101.670
1375.368 -115.899 -101.454
1372.374 -116.068 -101.297
1369.255 -116.242 -101.136
1366.247 -116.400 -100.898
1363.170 -116.543 -100.496
1360.041 -116.649 -99.855
1356.948 -116.631 -98.943
1354.070 -116.630 -97.933
1351.197 -116.674 -96.764
1348.347 -116.717 -95.416
1345.514 -116.774 -93.873
1342.956 -116.843 -92.293
1340.447 -116.941 -90.568
1337.977 -117.070 -88.686
1335.589 -117.221 -86.665
1333.248 -117.386 -84.456
1331.032 -117.549 -82.119
1329.088 -117.687 -79.831
1327.234 -117.803 -77.408
1325.489 -117.896 -74.897
1323.806 -117.968 -72.344
1322.088 -118.024 -69.743
1320.328 -118.063 -67.117
1318.538 -118.085 -64.463
1316.729 -118.089 -61.775
1314.900 -118.084 -59.049
1313.233 -118.072 -56.539
1311.550 -118.051 -53.982
1309.875 -118.023 -51.418
1308.172 -118.005 -48.799
1306.471 -118.010 -46.180
1304.755 -118.039 -43.546
1302.977 -118.080 -40.831
1301.199 -118.127 -38.138
1299.373 -118.181 -35.395
1297.504 -118.242 -32.609
1295.632 -118.308 -29.839
1293.760 -118.374 -27.088
1291.857 -118.428 -24.313
1289.962 -118.460 -21.586
1288.067 -118.474 -18.921
1286.095 -118.460 -16.254
1284.099 -118.409 -13.664
1282.030 -118.339 -11.101
1279.957 -118.270 -8.635
1277.840 -118.230 -6.211
1275.659 -118.224 -3.817
1273.455 -118.246 -1.504
1271.154 -118.291 0.804
1268.807 -118.358 3.058
1266.368 -118.444 5.309
1263.889 -118.545 7.510
1261.598 -118.645 9.473
1259.266 -118.749 11.406
1256.913 -118.852 13.295
1254.253 -118.960 15.366
1251.577 -119.051 17.395
1248.946 -119.116 19.347
1246.358 -119.135 21.234
1243.863 -119.095 23.032
1241.162 -119.014 24.974
1238.499 -118.925 26.898
1235.875 -118.847 28.815
1233.316 -118.791 30.723
1230.789 -118.768 32.657
1228.298 -118.782 34.623
1225.880 -118.827 36.611
1223.524 -118.901 38.654
1221.250 -119.004 40.756
1219.087 -119.134 42.912
1217.036 -119.283 45.136
1215.096 -119.449 47.442
1213.113 -119.644 50.065
1211.291 -119.846 52.782
1209.623 -120.049 55.602
1208.088 -120.252 58.517
1206.778 -120.464 61.221
1205.540 -120.695 63.965
1204.357 -120.936 66.770
1203.209 -121.182 69.672
1202.106 -121.417 72.655
1201.067 -121.630 75.641
1200.069 -121.810 78.632
1199.094 -121.943 81.603
1198.138 -122.012 84.480
1197.097 -122.011 87.545
1196.074 -121.965 90.508
1195.002 -121.894 93.582
1193.969 -121.818 96.503
1192.867 -121.745 99.533
1191.736 -121.695 102.520
1190.597 -121.669 105.410
1189.425 -121.661 108.192
1188.089 -121.672 111.058
1186.663 -121.703 113.794
1185.136 -121.755 116.395
1183.353 -121.836 119.026
1181.397 -121.944 121.464
1179.240 -122.080 123.728
1176.942 -122.242 125.781
1174.474 -122.431 127.676
1171.885 -122.640 129.385
1169.188 -122.864 130.907
1166.401 -123.098 132.236
1163.622 -123.332 133.346
1160.643 -123.569 134.310
1157.731 -123.787 135.054
1154.654 -124.008 135.632
1151.556 -124.232 135.988
1148.483 -124.454 136.102
1145.411 -124.685 135.967
1142.357 -124.925 135.586
1139.287 -125.165 134.972
1136.230 -125.410 134.145
1133.270 -125.654 133.107
1130.389 -125.904 131.832
1127.594 -126.162 130.323
1124.865 -126.431 128.576
1122.285 -126.705 126.643
1119.880 -126.985 124.534
1117.665 -127.273 122.244
1115.651 -127.578 119.780
1113.818 -127.901 117.130
1112.281 -128.208 114.520
1110.922 -128.508 111.796
1109.757 -128.796 108.989
1108.791 -129.079 106.100
1108.025 -129.362 103.142
1107.465 -129.647 100.146
1107.116 -129.940 97.145
1106.975 -130.248 94.130
1107.040 -130.572 91.098
1107.306 -130.913 88.022
1107.765 -131.268 84.908
1108.410 -131.630 81.796
1109.249 -131.993 78.674
1110.252 -132.315 75.678
1111.423 -132.586 72.729
1112.667 -132.813 69.872
1113.874 -133.022 67.013
1114.962 -133.217 64.011
1115.784 -133.375 61.019
1116.321 -133.510 58.050
1116.584 -133.647 54.923
1116.526 -133.777 51.898
1116.109 -133.917 48.763
1115.334 -134.066 45.745
1114.224 -134.218 42.915
1112.709 -134.384 40.131
1110.884 -134.555 37.567
1108.820 -134.723 35.262
1106.542 -134.897 33.200
1104.103 -135.082 31.314
1101.694 -135.255 29.494
1099.255 -135.400 27.478
1096.995 -135.505 25.352
1094.865 -135.586 23.027
1092.880 -135.663 20.485
1091.218 -135.737 17.975
1089.729 -135.827 15.336
1088.390 -135.956 12.547
1087.230 -136.130 9.661
1086.257 -136.345 6.663
1085.499 -136.591 3.596
1084.957 -136.876 0.484
1084.633 -137.196 -2.692
1084.524 -137.508 -5.680
1084.575 -137.837 -8.767
1084.761 -138.164 -11.900
1085.026 -138.451 -14.885
1085.316 -138.697 -17.972
1085.550 -138.875 -21.144
1085.671 -139.027 -24.315
1085.646 -139.177 -27.467
1085.448 -139.304 -30.580
1085.082 -139.408 -33.659
1084.562 -139.501 -36.681
1083.856 -139.599 -39.863
1083.042 -139.695 -42.883
1082.141 -139.795 -45.755
1081.086 -139.917 -48.701
1079.950 -140.057 -51.503
1078.602 -140.232 -54.409
1077.085 -140.409 -57.157
1075.326 -140.578 -59.761
1073.371 -140.752 -62.113
1071.208 -140.936 -64.206
1068.674 -141.142 -66.126
1065.973 -141.348 -67.666
1063.140 -141.551 -68.812
1060.049 -141.766 -69.588
1056.961 -141.981 -69.911
1053.910 -142.208 -69.807
1050.946 -142.455 -69.296
1048.067 -142.734 -68.415
1045.180 -143.052 -67.224
1042.379 -143.372 -65.878
1039.666 -143.675 -64.490
1036.999 -143.937 -63.125
1034.197 -144.136 -61.749
1031.325 -144.257 -60.455
1028.417 -144.337 -59.324
1025.476 -144.403 -58.403
1022.538 -144.455 -57.715
1019.459 -144.496 -57.263
1016.254 -144.544 -57.108
1013.111 -144.616 -57.303
1010.127 -144.719 -57.832
1007.199 -144.861 -58.682
1004.265 -145.039 -59.865
1001.572 -145.231 -61.246
998.905 -145.449 -62.920
996.324 -145.682 -64.877
994.023 -145.904 -66.938
991.937 -146.113 -69.097
989.967 -146.319 -71.412
988.058 -146.539 -73.917
986.333 -146.762 -76.372
984.627 -146.993 -78.945
982.943 -147.221 -81.636
981.319 -147.424 -84.444
979.922 -147.596 -87.110
978.614 -147.755 -89.904
977.413 -147.903 -92.791
976.318 -148.043 -95.750
975.306 -148.183 -98.831
974.394 -148.321 -101.967
973.587 -148.461 -105.119
972.875 -148.602 -108.283
972.228 -148.750 -111.549
971.705 -148.889 -114.527
971.227 -149.038 -117.538
970.782 -149.200 -120.603
970.362 -149.376 -123.716
969.960 -149.564 -126.849
969.546 -149.760 -130.066
969.104 -149.941 -133.310
968.605 -150.092 -136.605
968.041 -150.218 -139.898
967.393 -150.330 -143.204
966.735 -150.415 -146.175
965.999 -150.490 -149.161
965.201 -150.557 -152.102
964.338 -150.623 -155.022
963.428 -150.685 -157.882
962.348 -150.751 -161.058
961.264 -150.806 -164.056
960.161 -150.851 -166.964
959.057 -150.893 -169.757
957.831 -150.946 -172.727
956.596 -151.001 -175.625
955.286 -151.050 -178.591
953.991 -151.078 -181.440
952.649 -151.090 -184.382
951.382 -151.097 -187.195
950.094 -151.108 -190.055
948.757 -151.137 -192.918
947.315 -151.196 -195.756
945.830 -151.283 -198.385
944.133 -151.390 -200.974
942.133 -151.501 -203.420
939.926 -151.634 -205.465
937.316 -151.823 -207.202
934.478 -152.066 -208.458
931.425 -152.356 -209.238
928.364 -152.652 -209.530
925.246 -152.959 -209.356
922.132 -153.288 -208.708
919.269 -153.621 -207.661
916.547 -153.959 -206.191
914.026 -154.284 -204.306
911.899 -154.563 -202.185
910.036 -154.819 -199.773
908.375 -155.078 -197.080
906.957 -155.337 -194.322
905.736 -155.578 -191.571
904.568 -155.808 -188.657
903.416 -156.021 -185.608
902.340 -156.201 -182.675
901.239 -156.368 -179.642
900.194 -156.518 -176.759
899.114 -156.672 -173.807
897.991 -156.837 -170.792
896.817 -157.000 -167.741
895.675 -157.125 -164.906
894.435 -157.205 -161.987
893.165 -157.242 -159.135
891.853 -157.267 -156.301
890.531 -157.293 -153.536
889.077 -157.323 -150.589
887.651 -157.364 -147.773
886.250 -157.431 -145.061
884.754 -157.519 -142.230
883.255 -157.628 -139.484
881.724 -157.755 -136.833
880.010 -157.902 -134.101
878.189 -158.049 -131.506
876.259 -158.195 -129.116
874.142 -158.348 -126.888
871.889 -158.514 -124.896
869.307 -158.715 -123.010
866.734 -158.920 -121.478
864.010 -159.135 -120.158
861.161 -159.353 -119.034
858.219 -159.563 -118.100
855.211 -159.763 -117.378
852.151 -159.953 -116.899
849.098 -160.131 -116.693
846.075 -160.297 -116.769
843.067 -160.452 -117.126
840.091 -160.594 -117.729
837.045 -160.719 -118.545
833.950 -160.832 -119.551
831.082 -160.936 -120.641
828.166 -161.054 -121.904
825.269 -161.189 -123.301
822.388 -161.343 -124.798
819.563 -161.508 -126.318
816.758 -161.684 -127.832
813.983 -161.843 -129.310
811.284 -161.927 -130.721
808.398 -161.963 -132.203
805.577 -162.005 -133.620
802.686 -162.059 -135.028
799.888 -162.128 -136.323
796.951 -162.220 -137.565
794.086 -162.342 -138.624
791.217 -162.504 -139.521
788.217 -162.712 -140.302
785.223 -162.968 -140.921
782.077 -163.287 -141.318
779.038 -163.614 -141.313
775.965 -163.955 -140.793
773.095 -164.285 -139.732
770.534 -164.608 -138.177
768.243 -164.963 -136.064
766.485 -165.320 -133.540
765.288 -165.664 -130.723
764.641 -166.007 -127.669
764.426 -166.420 -124.607
764.496 -166.867 -121.505
764.703 -167.306 -118.371
764.920 -167.702 -115.236
765.110 -168.042 -112.132
765.262 -168.298 -109.127
765.370 -168.419 -106.076
765.410 -168.458 -103.023
765.341 -168.475 -100.012
765.093 -168.480 -96.858
764.624 -168.505 -93.742
763.920 -168.566 -90.728
762.965 -168.674 -87.829
761.645 -168.828 -84.896
760.027 -169.015 -82.192
758.132 -169.238 -79.750
755.988 -169.505 -77.592
753.627 -169.808 -75.758
750.921 -170.154 -74.199
747.995 -170.541 -73.013
745.068 -170.938 -72.229
742.021 -171.350 -71.787
738.838 -171.774 -71.704
735.864 -172.176 -71.959
732.839 -172.592 -72.550
729.853 -172.996 -73.491
726.960 -173.370 -74.770
724.330 -173.692 -76.250
721.735 -174.010 -77.974
719.343 -174.319 -79.775
716.997 -174.641 -81.752
714.681 -174.965 -83.934
712.596 -175.234 -86.120
710.543 -175.431 -88.439
708.477 -175.502 -90.739
706.384 -175.492 -92.937
704.127 -175.504 -95.190
701.890 -175.518 -97.299
699.500 -175.524 -99.429
697.188 -175.543 -101.381
694.731 -175.596 -103.308
692.264 -175.698 -105.028
689.547 -175.859 -106.601
686.735 -176.022 -107.790
683.694 -176.177 -108.572
680.648 -176.334 -108.858
677.522 -176.503 -108.618
674.601 -176.666 -107.847
671.878 -176.835 -106.540
669.416 -177.031 -104.672
667.503 -177.275 -102.329
666.229 -177.587 -99.504
665.776 -177.958 -96.507
666.030 -178.380 -93.444
666.702 -178.827 -90.450
667.451 -179.263 -87.577
668.179 -179.687 -84.656
668.870 -180.089 -81.756
669.584 -180.487 -78.645
670.256 -180.841 -75.589
670.878 -181.154 -72.608
671.501 -181.449 -69.455
672.077 -181.694 -66.440
672.682 -181.909 -63.319
673.300 -182.080 -60.370
673.992 -182.227 -57.370
674.767 -182.356 -54.301
675.626 -182.472 -51.159
676.469 -182.569 -48.262
677.374 -182.667 -45.295
678.322 -182.771 -42.302
679.310 -182.885 -39.280
680.346 -183.012 -36.207
681.432 -183.151 -33.074
682.552 -183.300 -29.935
683.612 -183.445 -27.039
684.684 -183.593 -24.169
685.781 -183.743 -21.253
686.850 -183.887 -18.392
687.919 -184.040 -15.464
688.955 -184.199 -12.542
689.960 -184.365 -9.625
690.935 -184.534 -6.703
691.863 -184.700 -3.842
692.864 -184.879 -0.676
693.812 -185.040 2.394
694.724 -185.186 5.400
695.597 -185.327 8.312
696.449 -185.482 11.192
697.340 -185.655 14.249
698.180 -185.822 17.186
699.058 -185.992 20.325
699.891 -186.142 23.369
700.692 -186.274 26.357
701.465 -186.380 29.296
702.251 -186.474 32.397
702.973 -186.556 35.459
703.591 -186.635 38.456
704.114 -186.724 41.634
704.465 -186.814 44.785
704.622 -186.907 47.902
704.554 -187.019 50.968
704.231 -187.162 53.957
703.589 -187.360 57.005
702.643 -187.593 59.844
701.310 -187.856 62.574
699.561 -188.140 65.083
697.375 -188.439 67.241
694.758 -188.747 68.907
691.919 -189.053 69.942
688.844 -189.384 70.368
685.810 -189.733 70.107
682.937 -190.126 69.196
680.192 -190.598 67.709
677.748 -191.056 65.908
675.367 -191.477 63.909
672.884 -191.823 62.039
670.311 -192.081 60.492
667.411 -192.219 59.245
664.430 -192.233 58.445
661.430 -192.222 58.056
658.305 -192.205 58.084
655.315 -192.217 58.527
652.302 -192.307 59.395
649.492 -192.485 60.641
646.904 -192.716 62.232
644.412 -192.983 64.159
642.069 -193.240 66.278
639.862 -193.444 68.569
637.780 -193.570 70.915
635.629 -193.656 73.280
633.401 -193.732 75.513
631.104 -193.813 77.586
628.636 -193.921 79.579
626.100 -194.071 81.326
623.459 -194.261 82.743
620.538 -194.492 83.817
617.510 -194.772 84.436
614.399 -195.100 84.604
611.358 -195.445 84.348
608.315 -195.806 83.667
605.468 -196.166 82.569
602.862 -196.544 81.070
600.463 -196.961 79.163
598.400 -197.386 77.010
596.573 -197.815 74.486
595.094 -198.201 71.689
594.026 -198.530 68.845
593.331 -198.791 65.843
593.063 -198.957 62.837
593.208 -199.087 59.664
593.748 -199.211 56.599
594.643 -199.348 53.671
595.880 -199.490 50.855
597.457 -199.625 48.066
599.159 -199.703 45.523
600.854 -199.678 42.978
602.419 -199.580 40.238
603.745 -199.523 37.329
604.715 -199.489 34.350
605.248 -199.483 31.241
605.262 -199.523 28.219
604.818 -199.627 25.224
604.004 -199.788 22.180
602.929 -199.999 19.257
601.615 -200.248 16.468
600.125 -200.520 13.877
598.340 -200.830 11.282
596.415 -201.140 8.927
594.300 -201.448 6.776
591.959 -201.723 4.870
589.366 -201.972 3.209
586.559 -202.186 1.809
583.563 -202.355 0.665
580.594 -202.475 -0.182
577.503 -202.596 -0.839
574.523 -202.721 -1.303
571.431 -202.857 -1.636
568.231 -203.002 -1.849
565.194 -203.145 -1.962
562.073 -203.299 -2.020
558.869 -203.468 -2.058
555.616 -203.655 -2.108
552.571 -203.848 -2.177
549.444 -204.059 -2.275
546.298 -204.264 -2.398
543.155 -204.441 -2.545
540.019 -204.589 -2.716
536.893 -204.728 -2.914
533.823 -204.855 -3.141
530.591 -204.984 -3.429
527.427 -205.107 -3.783
524.334 -205.220 -4.229
521.302 -205.322 -4.794
518.325 -205.414 -5.504
515.419 -205.498 -6.376
512.601 -205.577 -7.408
509.644 -205.668 -8.709
506.825 -205.771 -10.177
504.153 -205.891 -11.800
501.641 -206.009 -13.580
499.295 -206.092 -15.521
496.994 -206.137 -17.631
494.713 -206.184 -19.818
492.442 -206.272 -21.941
490.051 -206.429 -23.921
487.533 -206.619 -25.572
484.721 -206.811 -26.903
481.812 -206.988 -27.784
478.810 -207.141 -28.224
475.763 -207.259 -28.273
472.644 -207.377 -27.985
469.690 -207.493 -27.415
466.627 -207.623 -26.623
463.578 -207.761 -25.891
460.583 -207.921 -25.434
457.421 -208.133 -25.324
454.400 -208.388 -25.658
451.509 -208.681 -26.487
448.750 -209.001 -27.890
446.386 -209.323 -29.709
444.314 -209.650 -31.947
442.611 -209.948 -34.578
441.419 -210.185 -37.380
440.644 -210.374 -40.426
440.164 -210.538 -43.511
439.782 -210.675 -46.585
439.441 -210.782 -49.625
439.140 -210.874 -52.788
438.887 -210.947 -55.862
438.646 -211.014 -59.036
438.428 -211.080 -62.113
438.218 -211.141 -65.233
438.012 -211.183 -68.484
437.828 -211.201 -71.535
437.651 -211.213 -74.693
437.495 -211.228 -77.922
437.376 -211.255 -81.189
437.303 -211.296 -84.244
437.261 -211.365 -87.347
437.255 -211.455 -90.509
437.289 -211.571 -93.731
437.371 -211.713 -96.981
437.507 -211.874 -100.229
437.697 -212.047 -103.459
437.920 -212.214 -106.450
438.208 -212.381 -109.491
438.559 -212.540 -112.552
438.971 -212.687 -115.640
439.447 -212.826 -118.799
439.969 -212.954 -121.947
440.539 -213.072 -125.097
441.151 -213.177 -128.240
441.790 -213.268 -131.326
442.435 -213.346 -134.292
443.105 -213.411 -137.236
443.859 -213.452 -140.434
444.599 -213.455 -143.500
445.335 -213.421 -146.494
446.110 -213.385 -149.611
446.876 -213.355 -152.677
447.610 -213.338 -155.626
448.356 -213.343 -158.653
449.102 -213.370 -161.735
449.836 -213.408 -164.866
450.509 -213.444 -167.822
451.182 -213.486 -170.799
451.883 -213.538 -173.826
452.541 -213.609 -176.877
453.004 -213.718 -179.967
453.142 -213.870 -182.974
452.891 -214.029 -186.046
452.138 -214.148 -189.068
450.797 -214.250 -191.789
448.758 -214.386 -194.123
446.140 -214.579 -195.774
443.203 -214.811 -196.585
440.111 -215.051 -196.640
437.071 -215.300 -196.142
434.056 -215.586 -195.306
431.168 -215.902 -194.223
428.391 -216.221 -192.960
425.527 -216.528 -191.649
422.620 -216.789 -190.502
419.752 -217.010 -189.594
416.638 -217.221 -188.893
413.537 -217.408 -188.518
410.465 -217.580 -188.483
407.454 -217.735 -188.794
404.336 -217.887 -189.503
401.409 -218.019 -190.512
398.492 -218.142 -191.810
395.760 -218.249 -193.295
393.021 -218.342 -195.026
390.482 -218.412 -196.741
387.885 -218.464 -198.382
385.087 -218.520 -199.869
382.287 -218.590 -201.053
379.273 -218.682 -201.966
376.245 -218.796 -202.508
373.209 -218.935 -202.727
370.162 -219.099 -202.638
367.132 -219.290 -202.321
364.086 -219.512 -201.819
361.105 -219.754 -200.889
358.426 -219.960 -199.296
356.315 -220.140 -197.123
354.876 -220.317 -194.401
354.322 -220.504 -191.351
354.614 -220.716 -188.299
355.402 -220.974 -185.407
356.540 -221.287 -182.507
357.834 -221.602 -179.809
359.281 -221.914 -177.144
360.883 -222.223 -174.387
362.477 -222.503 -171.629
363.935 -222.748 -168.858
365.161 -222.944 -166.022
366.077 -223.048 -163.100
366.684 -223.129 -160.143
367.001 -223.233 -156.990
366.972 -223.353 -153.860
366.609 -223.489 -150.687
365.980 -223.631 -147.719
365.078 -223.785 -144.749
363.899 -223.950 -141.794
362.481 -224.126 -138.927
360.939 -224.311 -136.254
359.192 -224.517 -133.549
357.446 -224.718 -131.050
355.565 -224.931 -128.466
353.637 -225.145 -125.835
351.822 -225.347 -123.322
349.979 -225.551 -120.716
348.116 -225.757 -118.017
346.419 -225.943 -115.510
344.700 -226.129 -112.931
342.945 -226.315 -110.264
341.216 -226.479 -107.605
339.471 -226.618 -104.892
337.738 -226.755 -102.177
335.981 -226.898 -99.397
334.390 -227.032 -96.846
332.784 -227.173 -94.217
331.229 -227.315 -91.590
329.683 -227.463 -88.864
328.184 -227.612 -86.075
326.733 -227.765 -83.200
325.365 -227.920 -80.283
324.075 -228.074 -77.290
322.863 -228.218 -74.177
321.780 -228.349 -71.083
320.756 -228.498 -67.860
319.909 -228.655 -64.938
319.056 -228.850 -61.683
318.351 -229.043 -58.672
317.730 -229.246 -55.676
317.179 -229.454 -52.620
316.702 -229.661 -49.516
316.293 -229.856 -46.380
315.927 -230.041 -43.178
315.567 -230.217 -39.978
315.190 -230.380 -36.835
314.778 -230.533 -33.691
314.336 -230.674 -30.577
313.881 -230.797 -27.603
313.344 -230.923 -24.297
312.798 -231.036 -21.116
312.238 -231.142 -17.959
311.687 -231.238 -14.848
311.168 -231.332 -11.838
310.674 -231.430 -8.844
310.158 -231.546 -5.560
309.676 -231.673 -2.321
309.248 -231.815 0.831
308.883 -231.976 3.954
308.605 -232.141 7.014
308.424 -232.308 10.078
308.356 -232.489 13.346
308.430 -232.666 16.610
308.652 -232.826 19.795
309.038 -232.951 22.927
309.595 -233.003 25.941
310.357 -233.005 29.091
311.218 -233.017 32.124
312.133 -233.044 34.989
313.171 -233.094 37.949
314.254 -233.169 40.794
315.422 -233.267 43.744
316.602 -233.380 46.709
317.711 -233.518 49.664
318.613 -233.697 52.645
319.146 -233.907 55.604
319.148 -234.133 58.613
318.433 -234.395 61.542
316.885 -234.740 64.232
314.643 -235.191 66.322
312.002 -235.696 67.765
309.046 -236.213 68.574
305.947 -236.702 68.638
302.940 -237.149 67.880
300.212 -237.547 66.451
297.891 -237.875 64.485
295.964 -238.134 61.999
294.484 -238.311 59.350
293.239 -238.449 56.560
292.130 -238.604 53.628
291.159 -238.763 50.675
290.317 -238.921 47.705
289.487 -239.080 44.590
288.678 -239.226 41.572
287.830 -239.377 38.435
287.029 -239.523 35.436
286.225 -239.679 32.325
285.506 -239.831 29.379
284.822 -239.992 26.345
284.181 -240.162 23.201
283.596 -240.334 19.974
283.118 -240.491 16.974
282.689 -240.646 13.894
282.317 -240.796 10.749
282.006 -240.932 7.521
281.761 -241.051 4.261
281.589 -241.157 1.252
281.462 -241.261 -1.755
281.367 -241.357 -4.817
281.286 -241.435 -8.108
281.206 -241.507 -11.348
281.113 -241.582 -14.478
280.989 -241.656 -17.538
280.802 -241.731 -20.721
280.542 -241.798 -23.789
280.164 -241.863 -27.007
279.669 -241.919 -30.097
279.026 -241.963 -33.149
278.247 -241.984 -36.145
277.285 -241.984 -39.203
276.152 -241.967 -42.089
274.833 -241.940 -44.832
273.297 -241.900 -47.584
271.720 -241.852 -50.187
270.000 -241.819 -52.810
268.205 -241.831 -55.215
266.155 -241.908 -57.544
263.940 -242.052 -59.601
261.396 -242.251 -61.414
258.710 -242.464 -62.757
255.737 -242.711 -63.648
252.743 -242.957 -63.930
249.711 -243.181 -63.542
246.861 -243.389 -62.499
244.192 -243.592 -60.898
241.837 -243.768 -58.911
239.832 -243.911 -56.666
237.993 -244.059 -54.104
236.349 -244.234 -51.451
234.901 -244.429 -48.810
233.522 -244.636 -46.081
232.210 -244.837 -43.381
230.859 -245.033 -40.546
229.535 -245.211 -37.771
228.145 -245.374 -34.920
226.766 -245.510 -32.201
225.277 -245.623 -29.406
223.807 -245.688 -26.792
222.267 -245.710 -24.193
220.624 -245.725 -21.543
218.913 -245.767 -18.911
217.162 -245.849 -16.335
215.409 -245.970 -13.852
213.538 -246.135 -11.291
211.708 -246.305 -8.870
209.733 -246.470 -6.363
207.775 -246.612 -3.972
205.690 -246.763 -1.584
203.595 -246.917 0.559
201.298 -247.090 2.564
198.750 -247.286 4.361
196.073 -247.504 5.813
193.297 -247.756 6.935
190.328 -248.042 7.829
187.404 -248.324 8.510
184.355 -248.617 9.007
181.298 -248.906 9.227
178.231 -249.211 9.129
175.169 -249.542 8.707
172.085 -249.901 8.001
169.121 -250.249 7.054
166.323 -250.579 5.906
163.473 -250.931 4.538
160.815 -251.259 3.108
158.084 -251.581 1.523
155.508 -251.861 -0.058
152.925 -252.113 -1.723
150.258 -252.336 -3.510
147.569 -252.516 -5.345
145.068 -252.644 -7.054
142.493 -252.739 -8.802
139.874 -252.799 -10.561
137.181 -252.831 -12.348
134.459 -252.846 -14.133
131.929 -252.855 -15.772
129.389 -252.868 -17.391
126.801 -252.893 -19.008
124.198 -252.935 -20.596
121.595 -252.996 -22.141
118.919 -253.077 -23.688
116.184 -253.178 -25.216
113.414 -253.301 -26.709
110.569 -253.450 -28.184
107.660 -253.626 -29.629
104.674 -253.829 -31.046
101.659 -254.054 -32.410
98.581 -254.300 -33.730
95.792 -254.529 -34.863
92.952 -254.760 -35.955
90.053 -254.985 -37.006
87.077 -255.196 -38.024
84.080 -255.390 -38.994
81.025 -255.587 -39.939
77.936 -255.791 -40.854
74.820 -255.997 -41.735
71.666 -256.200 -42.579
68.462 -256.395 -43.385
65.217 -256.575 -44.147
61.931 -256.743 -44.867
58.616 -256.900 -45.545
55.287 -257.044 -46.188
51.985 -257.171 -46.799
48.734 -257.283 -47.385
45.534 -257.380 -47.953
42.372 -257.466 -48.510
39.312 -257.544 -49.048
36.338 -257.616 -49.572
33.347 -257.671 -50.103
30.084 -257.696 -50.688
26.876 -257.710 -51.266
23.685 -257.735 -51.846
20.564 -257.777 -52.418
17.453 -257.842 -52.994
14.400 -257.932 -53.567
11.339 -258.050 -54.152
8.333 -258.195 -54.740
5.365 -258.367 -55.336
2.425 -258.566 -55.947
-0.804 -258.811 -56.661
-4.027 -259.073 -57.442
-7.158 -259.334 -58.289
-10.312 -259.597 -59.252
-13.356 -259.838 -60.310
-16.373 -260.058 -61.500
-19.276 -260.248 -62.788
-22.104 -260.418 -64.188
-24.859 -260.569 -65.699
-27.573 -260.706 -67.340
-30.147 -260.826 -69.040
-32.650 -260.935 -70.831
-35.082 -261.036 -72.692
-37.427 -261.127 -74.587
-39.757 -261.213 -76.551
-42.027 -261.298 -78.528
-44.446 -261.397 -80.700
-46.822 -261.508 -82.899
-49.181 -261.638 -85.151
-51.481 -261.784 -87.412
-53.717 -261.932 -89.668
-55.946 -262.047 -91.948
-58.169 -262.147 -94.200
-60.394 -262.248 -96.384
-62.686 -262.351 -98.529
-65.007 -262.452 -100.583
-67.365 -262.548 -102.553
-69.758 -262.640 -104.440
-72.226 -262.727 -106.274
-74.745 -262.808 -108.040
-77.284 -262.883 -109.713
-79.887 -262.956 -111.320
-82.536 -263.031 -112.839
-85.198 -263.112 -114.235
-87.914 -263.200 -115.510
-90.897 -263.303 -116.726
-93.952 -263.401 -117.769
-97.022 -263.479 -118.631
-100.069 -263.522 -119.364
-103.021 -263.528 -120.044
-106.135 -263.537 -120.805
-109.203 -263.565 -121.644
-112.218 -263.610 -122.588
-115.158 -263.668 -123.641
-117.974 -263.733 -124.797
-120.700 -263.806 -126.094
-123.353 -263.888 -127.528
-126.055 -263.983 -129.181
-128.647 -264.093 -130.990
-131.087 -264.213 -132.946
-133.377 -264.340 -135.065
-135.472 -264.470 -137.287
-137.419 -264.600 -139.626
-139.226 -264.728 -142.068
-140.880 -264.849 -144.587
-142.468 -264.969 -147.337
-143.886 -265.081 -150.168
-145.118 -265.182 -153.040
-146.182 -265.273 -155.969
-147.084 -265.353 -158.927
-147.837 -265.424 -161.890
-148.468 -265.491 -164.866
-149.004 -265.551 -167.824
-149.490 -265.604 -170.788
-149.986 -265.653 -173.936
-150.470 -265.697 -177.043
-150.947 -265.739 -180.121
-151.429 -265.781 -183.202
-151.930 -265.813 -186.265
-152.479 -265.833 -189.320
-153.097 -265.848 -192.363
-153.791 -265.871 -195.394
-154.557 -265.906 -198.420
-155.382 -265.947 -201.383
-156.276 -265.992 -204.303
-157.244 -266.037 -207.173
-158.357 -266.085 -210.172
-159.542 -266.121 -213.084
-160.785 -266.144 -215.900
-162.071 -266.160 -218.638
-163.435 -266.176 -221.446
-164.758 -266.195 -224.157