# TougeSpotter road recording
# track: pk_akina_akina_2way
# points: 2399
# format: x y z (world metres, in driving order)
-636.080 798.796 1040.818
-634.283 798.717 1038.253
-632.516 798.578 1035.580
-630.953 798.429 1032.993
-629.482 798.273 1030.345
-628.022 798.102 1027.527
-626.571 797.914 1024.613
-625.225 797.732 1021.884
-623.870 797.553 1019.171
-622.425 797.360 1016.351
-620.916 797.163 1013.496
-619.390 796.970 1010.704
-617.786 796.775 1007.860
-616.129 796.590 1004.998
-614.458 796.423 1002.179
-612.872 796.272 999.541
-611.253 796.111 996.872
-609.648 795.968 994.238
-607.975 795.836 991.502
-606.329 795.692 988.804
-604.619 795.538 985.993
-602.937 795.391 983.219
-601.379 795.251 980.637
-599.666 795.098 977.792
-597.938 794.947 974.911
-596.332 794.804 972.234
-594.707 794.660 969.530
-593.160 794.524 966.961
-591.546 794.386 964.287
-589.865 794.239 961.507
-588.221 794.101 958.779
-586.514 793.964 955.941
-584.843 793.823 953.162
-583.159 793.688 950.353
-581.411 793.552 947.437
-579.706 793.414 944.595
-578.004 793.279 941.759
-576.266 793.142 938.868
-574.607 793.011 936.112
-572.977 792.885 933.409
-571.332 792.759 930.682
-569.771 792.640 928.098
-568.201 792.521 925.498
-566.513 792.402 922.696
-564.783 792.286 919.824
-563.111 792.173 917.049
-561.408 792.054 914.217
-559.769 791.949 911.489
-558.111 791.846 908.733
-556.525 791.753 906.107
-554.816 791.651 903.276
-553.130 791.549 900.463
-551.519 791.456 897.733
-550.003 791.372 895.071
-548.508 791.294 892.289
-547.130 791.217 889.498
-545.919 791.139 886.751
-544.761 791.036 883.713
-543.837 790.938 880.769
-543.052 790.830 877.695
-542.395 790.718 874.530
-541.908 790.612 871.559
-541.550 790.501 868.547
-541.307 790.376 865.237
-541.229 790.261 862.160
-541.287 790.154 859.130
-541.474 790.036 856.013
-541.797 789.918 852.881
-542.264 789.801 849.748
-542.882 789.687 846.648
-543.660 789.579 843.615
-544.580 789.476 840.728
-545.679 789.360 837.871
-546.935 789.239 835.120
-548.349 789.109 832.473
-549.931 788.973 829.905
-551.717 788.828 827.344
-553.579 788.683 824.943
-555.583 788.533 822.580
-557.774 788.375 820.202
-559.895 788.227 818.061
-562.074 788.079 816.002
-564.409 787.922 813.922
-566.849 787.777 811.870
-569.317 787.647 809.892
-571.919 787.492 807.879
-574.334 787.368 806.077
-576.954 787.245 804.163
-579.410 787.101 802.394
-582.102 786.944 800.463
-584.630 786.801 798.649
-587.115 786.656 796.849
-589.688 786.507 794.958
-592.207 786.360 793.070
-594.804 786.208 791.077
-597.402 786.057 789.021
-599.924 785.912 786.950
-602.495 785.770 784.743
-604.971 785.642 782.509
-607.152 785.538 780.447
-609.375 785.425 778.260
-611.511 785.307 776.077
-613.691 785.180 773.769
-615.727 785.055 771.545
-617.881 784.918 769.134
-619.971 784.777 766.756
-622.138 784.621 764.277
-624.263 784.480 761.846
-626.411 784.337 759.405
-628.658 784.174 756.879
-630.876 784.024 754.419
-633.121 783.874 751.952
-635.464 783.703 749.400
-637.769 783.546 746.910
-639.811 783.403 744.713
-641.870 783.244 742.503
-643.947 783.099 740.276
-646.033 782.958 738.036
-648.203 782.806 735.700
-650.307 782.658 733.421
-652.416 782.510 731.120
-654.523 782.363 728.799
-656.616 782.217 726.466
-658.689 782.074 724.125
-660.737 781.935 721.774
-662.829 781.797 719.330
-664.824 781.665 716.958
-666.795 781.525 714.577
-668.740 781.378 712.187
-670.723 781.224 709.702
-672.605 781.076 707.297
-674.453 780.914 704.898
-676.258 780.756 702.503
-678.310 780.597 699.711
-680.181 780.451 697.103
-682.103 780.289 694.353
-683.957 780.129 691.622
-685.645 779.985 689.065
-687.385 779.835 686.363
-689.034 779.695 683.763
-690.701 779.556 681.110
-692.290 779.429 678.564
-694.078 779.284 675.662
-695.758 779.149 672.854
-697.397 779.048 669.968
-698.911 778.958 667.133
-700.332 778.856 664.270
-701.701 778.728 661.307
-702.961 778.576 658.317
-704.067 778.417 655.379
-705.043 778.256 652.420
-705.902 778.093 649.364
-706.589 777.946 646.379
-707.133 777.816 643.308
-707.525 777.704 640.228
-707.775 777.593 637.212
-707.918 777.461 634.172
-707.949 777.305 631.017
-707.854 777.157 627.832
-707.654 777.004 624.712
-707.326 776.846 621.493
-706.884 776.709 618.349
-706.328 776.588 615.201
-705.637 776.450 611.878
-704.882 776.313 608.720
-704.039 776.166 605.555
-703.080 776.007 602.298
-702.055 775.849 599.122
-701.078 775.706 596.281
-700.019 775.547 593.343
-698.949 775.392 590.472
-697.819 775.236 587.489
-696.741 775.091 584.656
-695.586 774.939 581.615
-694.458 774.790 578.635
-693.293 774.637 575.557
-692.166 774.504 572.575
-691.045 774.364 569.606
-689.904 774.211 566.582
-688.818 774.075 563.705
-687.636 773.929 560.568
-686.474 773.791 557.470
-685.340 773.653 554.451
-684.252 773.513 551.538
-683.157 773.369 548.601
-682.017 773.232 545.545
-680.901 773.094 542.555
-679.768 772.960 539.538
-678.673 772.827 536.639
-677.505 772.675 533.586
-676.377 772.543 530.710
-675.247 772.411 527.872
-674.053 772.271 524.926
-672.839 772.145 522.069
-671.496 772.038 519.263
-669.954 771.933 516.579
-668.159 771.823 514.113
-666.034 771.702 511.873
-663.572 771.565 509.951
-660.926 771.439 508.483
-657.985 771.323 507.468
-654.914 771.225 507.099
-651.821 771.129 507.491
-649.006 771.026 508.676
-646.601 770.907 510.669
-644.837 770.787 513.142
-643.627 770.676 516.003
-643.011 770.567 519.055
-642.954 770.456 522.117
-643.367 770.352 525.140
-644.140 770.252 528.106
-645.204 770.160 531.012
-646.507 770.079 533.794
-648.017 769.983 536.447
-649.701 769.876 538.961
-651.557 769.763 541.417
-653.424 769.633 543.812
-655.278 769.484 546.292
-657.114 769.325 548.929
-658.803 769.161 551.528
-660.505 769.002 554.316
-662.042 768.848 556.963
-663.570 768.696 559.718
-665.084 768.546 562.571
-666.563 768.393 565.503
-667.853 768.258 568.246
-669.124 768.117 571.259
-670.218 767.982 574.307
-671.094 767.861 577.331
-671.808 767.737 580.530
-672.340 767.603 583.660
-672.738 767.465 586.654
-673.053 767.311 589.696
-673.271 767.160 592.787
-673.382 767.026 595.909
-673.379 766.900 599.058
-673.250 766.789 602.225
-673.004 766.675 605.333
-672.622 766.543 608.587
-672.115 766.400 611.774
-671.484 766.264 614.884
-670.706 766.107 618.049
-669.793 765.953 621.122
-668.805 765.815 623.960
-667.685 765.680 626.764
-666.317 765.532 629.795
-664.950 765.372 632.525
-663.497 765.195 635.149
-661.884 765.013 637.784
-660.195 764.825 640.305
-658.342 764.634 642.837
-656.373 764.437 645.341
-654.343 764.242 647.765
-652.160 764.047 650.234
-650.108 763.887 652.462
-647.865 763.730 654.850
-645.772 763.594 657.077
-643.724 763.477 659.281
-641.606 763.353 661.585
-639.532 763.242 663.871
-637.386 763.129 666.256
-635.272 763.021 668.610
-633.072 762.912 671.055
-630.902 762.807 673.461
-628.882 762.712 675.695
-626.659 762.609 678.151
-624.346 762.500 680.698
-622.314 762.401 682.932
-620.257 762.312 685.185
-618.174 762.232 687.453
-615.999 762.143 689.799
-613.854 762.053 692.086
-611.605 761.968 694.445
-609.384 761.885 696.732
-607.120 761.799 699.012
-604.746 761.705 701.353
-602.396 761.613 703.614
-600.005 761.521 705.864
-597.504 761.410 708.175
-595.037 761.288 710.415
-592.445 761.178 712.713
-589.894 761.090 714.931
-587.325 760.996 717.133
-584.744 760.893 719.309
-582.073 760.794 721.518
-579.469 760.706 723.629
-576.863 760.618 725.704
-574.262 760.514 727.740
-571.584 760.394 729.787
-568.983 760.289 731.711
-566.302 760.181 733.635
-563.697 760.064 735.438
-561.087 759.940 737.174
-558.380 759.798 738.898
-555.736 759.631 740.515
-553.071 759.431 742.075
-550.382 759.211 743.571
-547.583 758.972 745.037
-544.833 758.734 746.390
-541.955 758.474 747.720
-539.114 758.215 748.946
-536.245 757.961 750.105
-533.271 757.719 751.233
-530.382 757.509 752.266
-527.515 757.313 753.247
-524.596 757.112 754.213
-521.482 756.898 755.214
-518.342 756.685 756.194
-515.289 756.480 757.123
-512.266 756.283 758.032
-509.242 756.087 758.942
-506.015 755.883 759.920
-502.992 755.701 760.850
-500.017 755.509 761.781
-496.908 755.313 762.784
-493.956 755.145 763.772
-490.918 754.950 764.834
-488.075 754.777 765.907
-485.197 754.612 767.114
-482.418 754.437 768.432
-479.707 754.258 769.875
-477.102 754.062 771.391
-474.444 753.854 773.144
-472.056 753.661 775.021
-469.781 753.469 777.202
-467.784 753.297 779.591
-466.112 753.147 782.128
-464.657 753.002 784.908
-463.442 752.841 787.833
-462.470 752.653 790.876
-461.772 752.498 793.798
-461.244 752.366 796.761
-460.851 752.235 799.887
-460.589 752.109 803.127
-460.425 751.995 806.153
-460.293 751.877 809.149
-460.129 751.771 812.279
-459.884 751.693 815.424
-459.524 751.618 818.565
-459.046 751.525 821.557
-458.396 751.388 824.556
-457.510 751.228 827.519
-456.322 751.080 830.358
-454.755 750.928 833.012
-452.745 750.765 835.347
-450.243 750.582 837.226
-447.361 750.382 838.446
-444.387 750.179 838.867
-441.256 749.963 838.585
-438.269 749.716 837.708
-435.644 749.445 836.270
-433.456 749.157 834.226
-431.881 748.847 831.611
-430.948 748.554 828.657
-430.464 748.280 825.630
-430.276 748.013 822.578
-430.340 747.768 819.406
-430.570 747.560 816.264
-430.869 747.388 813.242
-431.224 747.194 810.065
-431.605 746.991 806.894
-431.988 746.789 803.864
-432.398 746.574 800.712
-432.795 746.362 797.683
-433.204 746.137 794.548
-433.590 745.934 791.566
-433.988 745.719 788.502
-434.411 745.481 785.354
-434.888 745.262 782.123
-435.433 745.058 778.900
-436.037 744.862 775.846
-436.761 744.680 772.755
-437.605 744.522 769.656
-438.532 744.349 766.664
-439.602 744.158 763.632
-440.795 743.957 760.642
-442.085 743.750 757.767
-443.539 743.535 754.856
-445.072 743.315 752.039
-446.638 743.100 749.373
-448.377 742.868 746.574
-450.022 742.652 744.046
-451.777 742.422 741.442
-453.545 742.193 738.895
-455.417 741.959 736.264
-457.284 741.729 733.683
-459.240 741.497 731.002
-461.171 741.284 728.359
-463.271 741.050 725.455
-465.110 740.857 722.864
-466.836 740.684 720.376
-468.596 740.514 717.774
-470.264 740.358 715.226
-471.930 740.199 712.579
-473.500 740.021 709.995
-475.017 739.809 707.389
-476.446 739.597 704.749
-477.983 739.367 701.673
-479.402 739.123 698.562
-480.655 738.878 695.501
-481.771 738.648 692.414
-482.666 738.450 689.557
-483.531 738.227 686.349
-484.245 738.002 683.199
-484.839 737.771 680.004
-485.278 737.561 677.024
-485.653 737.331 673.736
-485.914 737.116 670.673
-486.103 736.920 667.661
-486.259 736.733 664.616
-486.398 736.540 661.540
-486.539 736.335 658.336
-486.683 736.139 655.195
-486.839 735.931 652.025
-487.019 735.711 648.728
-487.215 735.490 645.516
-487.441 735.263 642.203
-487.683 735.023 638.990
-487.963 734.763 635.775
-488.293 734.510 632.461
-488.634 734.269 629.336
-489.030 733.988 625.995
-489.451 733.705 622.722
-489.916 733.418 619.323
-490.402 733.129 616.000
-490.925 732.833 612.651
-491.440 732.583 609.587
-491.966 732.353 606.623
-492.573 732.087 603.360
-493.188 731.828 600.211
-493.855 731.563 596.898
-494.528 731.304 593.636
-495.201 731.055 590.439
-495.885 730.805 587.227
-496.536 730.571 584.192
-497.177 730.341 581.216
-497.831 730.103 578.166
-498.452 729.886 575.238
-499.072 729.668 572.285
-499.719 729.433 569.144
-500.334 729.206 566.098
-500.937 728.975 563.065
-501.572 728.749 559.836
-502.166 728.537 556.801
-502.748 728.325 553.813
-503.343 728.099 550.678
-503.914 727.874 547.479
-504.423 727.657 544.322
-504.855 727.440 541.182
-505.175 727.248 538.168
-505.366 727.112 534.983
-505.383 726.992 531.883
-505.191 726.861 528.860
-504.713 726.723 525.691
-504.012 726.570 522.724
-503.097 726.400 519.843
-501.899 726.203 516.848
-500.473 725.991 513.961
-498.826 725.779 511.218
-496.953 725.556 508.616
-494.960 725.362 506.286
-492.632 725.159 503.948
-490.291 724.971 501.904
-487.776 724.785 499.968
-485.148 724.603 498.149
-482.546 724.430 496.490
-479.718 724.236 494.769
-477.047 724.061 493.163
-474.445 723.906 491.583
-471.868 723.732 489.994
-469.187 723.552 488.311
-466.570 723.386 486.644
-463.813 723.211 484.866
-461.140 723.036 483.126
-458.630 722.874 481.477
-455.887 722.704 479.661
-453.315 722.539 477.948
-450.777 722.365 476.251
-448.140 722.196 474.471
-445.553 722.035 472.697
-442.886 721.865 470.827
-440.303 721.690 468.950
-437.692 721.512 466.950
-435.203 721.330 464.934
-432.706 721.130 462.779
-430.341 720.929 460.594
-427.985 720.719 458.259
-425.708 720.508 455.830
-423.572 720.304 453.378
-421.521 720.108 450.839
-419.712 719.933 448.435
-417.824 719.745 445.747
-416.171 719.581 443.208
-414.456 719.417 440.372
-412.801 719.228 437.479
-411.334 719.021 434.761
-409.972 718.821 432.060
-408.665 718.623 429.301
-407.372 718.409 426.403
-406.159 718.193 423.538
-404.977 717.969 420.627
-403.775 717.728 417.587
-402.610 717.477 414.601
-401.438 717.227 411.580
-400.220 716.971 408.450
-399.034 716.723 405.417
-397.859 716.486 402.421
-396.668 716.242 399.395
-395.525 716.008 396.508
-394.355 715.771 393.574
-393.235 715.548 390.779
-392.009 715.301 387.734
-390.784 715.057 384.727
-389.628 714.843 381.938
-388.356 714.604 378.920
-387.129 714.361 376.046
-385.844 714.119 373.082
-384.642 713.893 370.333
-383.404 713.665 367.591
-382.036 713.435 364.715
-380.646 713.208 361.938
-379.184 712.964 359.235
-377.617 712.738 356.662
-375.841 712.524 354.039
-373.956 712.318 351.501
-371.951 712.127 349.197
-369.784 711.929 346.970
-367.581 711.735 344.876
-365.220 711.541 342.999
-362.598 711.346 341.426
-359.670 711.146 340.310
-356.686 710.963 339.765
-353.544 710.784 339.675
-350.509 710.617 340.042
-347.532 710.447 340.891
-344.743 710.267 342.253
-342.322 710.078 344.021
-340.147 709.872 346.189
-338.258 709.652 348.706
-336.817 709.434 351.356
-335.771 709.212 354.215
-335.144 708.978 357.216
-334.947 708.725 360.256
-335.142 708.477 363.258
-335.693 708.244 366.358
-336.548 708.049 369.420
-337.600 707.888 372.314
-338.849 707.763 375.113
-340.300 707.667 377.900
-341.826 707.599 380.531
-343.477 707.526 383.215
-345.069 707.453 385.783
-346.703 707.377 388.512
-348.256 707.305 391.251
-349.704 707.234 393.923
-351.160 707.160 396.680
-352.649 707.076 399.507
-354.188 707.002 402.398
-355.733 706.938 405.281
-357.207 706.862 408.022
-358.706 706.780 410.815
-360.172 706.711 413.546
-361.661 706.637 416.315
-363.115 706.563 419.014
-364.647 706.489 421.852
-366.106 706.415 424.548
-367.629 706.336 427.354
-369.118 706.258 430.082
-370.638 706.188 432.862
-372.145 706.117 435.614
-373.618 706.044 438.295
-375.071 705.973 440.951
-376.526 705.898 443.639
-377.995 705.819 446.420
-379.347 705.753 449.106
-380.650 705.679 451.908
-381.876 705.598 454.851
-382.941 705.521 457.774
-383.773 705.455 460.679
-384.222 705.420 463.649
-384.109 705.371 466.731
-383.258 705.277 469.672
-381.622 705.119 472.211
-379.293 704.896 474.099
-376.400 704.617 475.167
-373.383 704.327 475.457
-370.416 704.052 475.075
-367.478 703.812 474.068
-364.772 703.580 472.583
-362.326 703.354 470.701
-360.124 703.127 468.502
-358.242 702.904 466.125
-356.545 702.670 463.473
-355.086 702.450 460.756
-353.760 702.238 458.022
-352.480 702.032 455.291
-351.171 701.827 452.492
-349.799 701.623 449.583
-348.474 701.426 446.794
-347.095 701.217 443.909
-345.780 701.024 441.173
-344.414 700.829 438.364
-343.000 700.636 435.482
-341.566 700.446 432.598
-340.179 700.269 429.854
-338.626 700.082 426.866
-337.060 699.908 423.981
-335.472 699.745 421.221
-333.743 699.584 418.424
-331.917 699.436 415.695
-330.024 699.276 413.067
-328.154 699.120 410.666
-326.027 698.936 408.115
-323.948 698.750 405.790
-321.762 698.570 403.512
-319.548 698.384 401.327
-317.248 698.190 399.174
-314.802 697.982 396.995
-312.340 697.772 394.908
-310.005 697.572 393.024
-307.388 697.354 391.015
-304.913 697.140 389.208
-302.441 696.934 387.499
-299.912 696.720 385.825
-297.246 696.485 384.135
-294.598 696.257 382.529
-291.900 696.025 380.946
-289.157 695.790 379.376
-286.291 695.546 377.759
-283.475 695.310 376.181
-280.545 695.070 374.539
-277.676 694.828 372.929
-274.780 694.584 371.299
-272.127 694.366 369.798
-269.186 694.127 368.129
-266.581 693.922 366.647
-263.958 693.723 365.151
-261.318 693.518 363.643
-258.657 693.322 362.119
-255.980 693.137 360.583
-253.284 692.954 359.036
-250.475 692.778 357.425
-247.747 692.597 355.860
-245.001 692.396 354.284
-242.140 692.183 352.644
-239.454 691.974 351.106
-236.558 691.748 349.446
-233.741 691.534 347.830
-230.815 691.304 346.152
-227.983 691.076 344.528
-225.147 690.854 342.897
-222.299 690.633 341.258
-219.535 690.418 339.667
-216.558 690.185 337.951
-213.666 689.964 336.281
-210.757 689.738 334.605
-207.829 689.517 332.920
-205.189 689.340 331.402
-202.230 689.153 329.702
-199.256 688.974 327.994
-196.267 688.783 326.284
-193.261 688.585 324.564
-190.661 688.410 323.072
-188.052 688.217 321.576
-185.429 688.014 320.073
-182.794 687.820 318.560
-180.149 687.635 317.039
-177.498 687.445 315.509
-174.843 687.251 313.968
-172.188 687.058 312.412
-169.536 686.864 310.836
-166.891 686.671 309.235
-164.255 686.479 307.604
-161.630 686.291 305.941
-159.020 686.106 304.242
-156.422 685.918 302.515
-153.832 685.715 300.760
-151.253 685.500 298.971
-148.685 685.283 297.145
-146.128 685.066 295.285
-143.584 684.849 293.390
-141.053 684.629 291.465
-138.537 684.409 289.511
-136.037 684.194 287.531
-133.549 683.973 285.534
-131.071 683.755 283.518
-128.600 683.558 281.491
-126.131 683.374 279.459
-123.662 683.191 277.426
-121.193 683.005 275.394
-118.720 682.817 273.363
-116.241 682.635 271.337
-113.754 682.456 269.321
-111.257 682.279 267.315
-108.751 682.104 265.321
-106.234 681.930 263.339
-103.709 681.758 261.367
-101.176 681.587 259.404
-98.638 681.415 257.446
-96.097 681.246 255.496
-93.557 681.081 253.553
-91.021 680.915 251.614
-88.487 680.745 249.685
-85.959 680.582 247.775
-83.437 680.424 245.883
-80.923 680.262 244.010
-78.410 680.087 242.165
-75.891 679.920 240.361
-73.362 679.768 238.593
-70.822 679.615 236.856
-68.165 679.442 235.087
-65.276 679.255 233.244
-62.678 679.092 231.648
-60.064 678.928 230.097
-57.434 678.757 228.594
-54.788 678.582 227.140
-52.126 678.405 225.737
-49.449 678.226 224.388
-46.327 678.017 222.891
-43.513 677.830 221.612
-40.357 677.620 220.256
-37.176 677.411 218.974
-33.967 677.197 217.757
-30.724 676.982 216.609
-27.449 676.770 215.525
-24.148 676.546 214.491
-21.274 676.350 213.646
-18.260 676.158 212.808
-15.348 675.966 212.023
-12.415 675.767 211.259
-9.465 675.572 210.515
-6.023 675.347 209.664
-3.040 675.151 208.937
-0.043 674.954 208.215
3.451 674.725 207.382
6.476 674.525 206.665
9.514 674.324 205.951
12.557 674.125 205.239
15.597 673.922 204.528
19.118 673.691 203.703
22.149 673.493 202.991
25.172 673.297 202.276
28.180 673.100 201.563
31.166 672.904 200.853
34.129 672.709 200.147
37.069 672.513 199.448
40.002 672.321 198.751
42.931 672.133 198.053
45.849 671.944 197.357
48.859 671.746 196.641
52.064 671.534 195.875
55.336 671.317 195.089
58.554 671.108 194.314
61.826 670.894 193.521
64.933 670.691 192.766
67.986 670.496 192.020
70.982 670.300 191.285
73.923 670.089 190.561
77.227 669.862 189.747
80.201 669.678 189.010
83.417 669.478 188.210
86.570 669.266 187.422
89.737 669.053 186.627
92.721 668.863 185.873
95.717 668.669 185.109
98.888 668.457 184.292
101.976 668.249 183.485
105.052 668.054 182.664
107.963 667.865 181.868
110.860 667.673 181.046
113.952 667.468 180.116
116.872 667.272 179.169
119.821 667.066 178.130
122.672 666.873 177.059
125.524 666.682 175.942
128.537 666.468 174.696
131.407 666.269 173.402
134.134 666.079 172.047
136.954 665.858 170.504
139.612 665.645 168.893
142.122 665.433 167.203
144.702 665.200 165.329
147.167 664.967 163.454
149.549 664.729 161.583
151.883 664.487 159.665
154.214 664.231 157.620
156.399 663.978 155.560
158.618 663.704 153.312
160.699 663.430 151.036
162.636 663.160 148.725
164.433 662.889 146.338
166.184 662.604 143.726
167.759 662.322 141.035
169.061 662.051 138.343
170.099 661.774 135.524
170.836 661.481 132.614
171.286 661.169 129.593
171.436 660.860 126.424
171.287 660.574 123.328
170.834 660.308 120.332
170.058 660.069 117.443
168.895 659.824 114.523
167.368 659.602 111.787
165.496 659.407 109.274
163.323 659.233 106.967
161.030 659.083 104.938
158.473 658.936 102.993
155.948 658.807 101.320
153.258 658.692 99.761
150.424 658.560 98.313
147.609 658.423 97.064
144.726 658.291 95.961
141.751 658.161 94.979
138.761 658.038 94.101
135.805 657.929 93.282
132.768 657.824 92.410
129.718 657.714 91.426
126.805 657.617 90.324
123.996 657.529 89.062
121.341 657.440 87.622
118.660 657.344 85.816
116.288 657.258 83.797
114.208 657.174 81.567
112.408 657.084 79.117
110.837 656.976 76.340
109.625 656.857 73.560
108.582 656.720 70.550
107.745 656.578 67.635
106.979 656.414 64.576
106.299 656.253 61.620
105.607 656.094 58.559
104.858 655.935 55.404
104.087 655.798 52.461
103.157 655.660 49.305
102.123 655.541 46.236
100.987 655.442 43.300
99.753 655.351 40.534
98.299 655.246 37.761
96.687 655.141 35.226
94.697 655.036 32.734
92.524 654.931 30.574
90.174 654.812 28.712
87.461 654.664 27.035
84.665 654.506 25.753
81.708 654.351 24.837
78.594 654.203 24.275
75.416 654.058 24.063
72.375 653.926 24.173
69.277 653.800 24.581
66.081 653.681 25.302
63.131 653.583 26.232
60.161 653.499 27.406
57.383 653.414 28.670
54.562 653.308 30.071
51.632 653.195 31.624
48.999 653.089 33.082
46.253 652.966 34.636
43.439 652.836 36.235
40.554 652.703 37.866
37.918 652.581 39.333
35.219 652.455 40.807
32.322 652.317 42.355
29.499 652.169 43.831
26.566 652.010 45.324
23.703 651.857 46.737
20.795 651.709 48.118
17.925 651.566 49.419
15.168 651.428 50.596
12.375 651.286 51.695
9.327 651.113 52.770
6.268 650.911 53.699
3.189 650.708 54.447
0.102 650.518 55.001
-2.915 650.329 55.352
-5.981 650.146 55.491
-9.005 649.999 55.386
-12.224 649.851 55.018
-15.364 649.691 54.404
-18.438 649.533 53.532
-21.451 649.392 52.405
-24.206 649.270 51.168
-26.971 649.137 49.777
-29.760 648.996 48.257
-32.516 648.857 46.662
-35.121 648.727 45.096
-37.766 648.598 43.473
-40.395 648.487 41.845
-43.203 648.379 40.118
-45.902 648.280 38.493
-48.606 648.177 36.914
-51.365 648.069 35.366
-54.032 647.964 33.934
-56.714 647.869 32.563
-59.584 647.782 31.181
-62.394 647.698 29.925
-65.409 647.615 28.720
-68.398 647.544 27.708
-71.365 647.462 26.900
-74.316 647.353 26.306
-77.485 647.208 25.922
-80.677 647.051 25.834
-83.692 646.911 26.047
-86.736 646.762 26.554
-89.816 646.610 27.368
-92.823 646.462 28.436
-95.606 646.317 29.628
-98.408 646.149 30.991
-101.237 645.981 32.524
-103.864 645.837 34.070
-106.468 645.700 35.682
-109.175 645.571 37.411
-111.692 645.467 39.046
-114.260 645.368 40.717
-116.889 645.274 42.408
-119.522 645.193 44.058
-122.296 645.117 45.722
-125.082 645.030 47.302
-127.737 644.930 48.708
-130.746 644.793 50.177
-133.758 644.638 51.507
-136.612 644.490 52.634
-139.738 644.331 53.730
-142.657 644.182 54.635
-145.910 644.028 55.513
-149.132 643.889 56.252
-152.157 643.764 56.836
-155.144 643.644 57.316
-158.259 643.525 57.720
-161.335 643.403 58.030
-164.535 643.260 58.266
-167.692 643.106 58.409
-170.888 642.954 58.449
-174.292 642.797 58.380
-177.549 642.633 58.216
-180.836 642.468 57.945
-183.878 642.327 57.601
-187.201 642.180 57.132
-190.505 642.029 56.581
-193.507 641.889 56.013
-196.715 641.738 55.340
-199.941 641.579 54.591
-203.046 641.431 53.778
-206.198 641.297 52.859
-209.207 641.168 51.913
-212.230 641.036 50.887
-215.093 640.926 49.832
-217.950 640.819 48.695
-221.023 640.671 47.376
-224.012 640.505 45.959
-226.841 640.348 44.466
-229.580 640.195 42.866
-232.366 640.037 41.066
-234.964 639.889 39.224
-237.569 639.746 37.211
-240.057 639.610 35.132
-242.312 639.495 33.100
-244.750 639.390 30.734
-246.856 639.297 28.566
-248.906 639.203 26.348
-250.954 639.106 24.038
-252.943 639.008 21.716
-255.020 638.902 19.236
-257.076 638.795 16.760
-259.034 638.685 14.429
-261.018 638.588 12.147
-263.192 638.479 9.759
-265.383 638.360 7.485
-267.597 638.241 5.335
-270.060 638.099 3.134
-272.614 637.943 1.090
-275.219 637.799 -0.729
-277.784 637.674 -2.283
-280.463 637.545 -3.702
-283.247 637.407 -4.984
-286.109 637.273 -6.102
-289.010 637.152 -7.025
-291.938 637.048 -7.736
-295.062 636.951 -8.246
-298.319 636.856 -8.513
-301.466 636.762 -8.530
-304.769 636.646 -8.324
-307.779 636.521 -7.955
-310.730 636.390 -7.417
-313.736 636.255 -6.686
-316.729 636.108 -5.784
-319.691 635.946 -4.715
-322.572 635.762 -3.496
-325.289 635.570 -2.154
-327.941 635.369 -0.623
-330.453 635.169 1.076
-332.866 634.967 2.958
-335.207 634.749 5.020
-337.427 634.519 7.205
-339.605 634.279 9.635
-341.521 634.062 12.068
-343.335 633.835 14.674
-345.015 633.606 17.418
-346.546 633.376 20.278
-347.922 633.148 23.242
-349.111 632.939 26.233
-350.103 632.736 29.089
-351.075 632.490 32.302
-351.867 632.266 35.325
-352.564 632.037 38.352
-353.209 631.793 41.525
-353.780 631.548 44.653
-354.330 631.289 47.896
-354.815 631.053 50.884
-355.330 630.796 54.125
-355.804 630.555 57.105
-356.311 630.291 60.245
-356.829 630.020 63.422
-357.335 629.763 66.497
-357.877 629.508 69.705
-358.420 629.258 72.780
-359.009 628.990 75.984
-359.574 628.748 78.960
-360.186 628.503 82.025
-360.860 628.258 85.107
-361.603 628.025 88.060
-362.425 627.793 90.973
-363.313 627.556 93.918
-364.309 627.347 96.852
-365.445 627.187 99.707
-366.852 627.031 102.432
-368.642 626.852 104.838
-371.012 626.627 106.863
-373.786 626.372 108.174
-376.742 626.106 108.736
-379.783 625.840 108.495
-382.617 625.543 107.381
-384.963 625.207 105.492
-386.820 624.862 103.000
-388.177 624.541 100.191
-389.081 624.269 97.336
-389.641 624.008 94.236
-389.870 623.778 91.072
-389.812 623.571 87.943
-389.553 623.355 84.806
-389.138 623.122 81.736
-388.561 622.864 78.537
-387.922 622.622 75.555
-387.250 622.375 72.641
-386.533 622.107 69.621
-385.767 621.824 66.430
-385.071 621.556 63.524
-384.337 621.262 60.465
-383.568 620.951 57.247
-382.841 620.659 54.149
-382.152 620.368 51.121
-381.475 620.051 48.054
-380.827 619.743 45.039
-380.155 619.440 41.882
-379.490 619.129 38.747
-378.855 618.831 35.792
-378.202 618.530 32.790
-377.547 618.233 29.822
-376.847 617.924 26.735
-376.123 617.618 23.723
-375.331 617.320 20.731
-374.432 617.023 17.691
-373.437 616.721 14.688
-372.354 616.444 11.806
-371.160 616.179 8.952
-369.827 615.918 6.047
-368.401 615.672 3.188
-366.924 615.445 0.461
-365.307 615.226 -2.266
-363.631 615.023 -4.840
-361.804 614.823 -7.389
-359.919 614.637 -9.780
-357.868 614.449 -12.159
-355.760 614.259 -14.417
-353.479 614.071 -16.676
-351.150 613.905 -18.818
-348.670 613.737 -20.961
-346.181 613.571 -22.972
-343.562 613.407 -24.932
-340.951 613.255 -26.726
-338.213 613.099 -28.443
-335.491 612.937 -29.994
-332.635 612.755 -31.474
-329.788 612.562 -32.809
-326.789 612.359 -34.072
-323.799 612.148 -35.214
-320.655 611.915 -36.303
-317.525 611.690 -37.283
-314.597 611.476 -38.128
-311.353 611.240 -38.988
-308.323 611.020 -39.721
-305.337 610.806 -40.377
-302.308 610.593 -40.977
-299.143 610.375 -41.541
-296.031 610.168 -42.039
-292.784 609.963 -42.512
-289.595 609.775 -42.938
-286.470 609.602 -43.328
-283.121 609.410 -43.727
-279.737 609.203 -44.107
-276.419 609.003 -44.458
-273.076 608.784 -44.794
-269.595 608.549 -45.125
-266.185 608.332 -45.440
-263.166 608.142 -45.728
-260.137 607.953 -46.037
-257.112 607.754 -46.373
-254.089 607.548 -46.746
-250.949 607.338 -47.180
-247.904 607.147 -47.652
-244.853 606.961 -48.173
-241.793 606.766 -48.736
-238.725 606.573 -49.354
-235.652 606.395 -50.029
-232.576 606.227 -50.757
-229.500 606.070 -51.548
-226.322 605.915 -52.431
-223.255 605.751 -53.336
-220.201 605.565 -54.295
-217.057 605.358 -55.350
-214.036 605.150 -56.433
-211.037 604.935 -57.578
-208.061 604.714 -58.789
-205.005 604.476 -60.104
-202.172 604.239 -61.383
-199.252 603.989 -62.755
-196.241 603.724 -64.200
-193.330 603.469 -65.590
-190.410 603.213 -66.946
-187.474 602.948 -68.251
-184.522 602.675 -69.494
-181.545 602.406 -70.659
-178.430 602.157 -71.763
-175.387 601.944 -72.742
-172.309 601.747 -73.634
-169.198 601.570 -74.434
-166.064 601.393 -75.173
-162.794 601.198 -75.876
-159.604 601.016 -76.495
-156.503 600.836 -77.058
-153.159 600.632 -77.631
-149.904 600.429 -78.160
-146.627 600.224 -78.663
-143.330 600.014 -79.139
-139.896 599.792 -79.597
-136.556 599.580 -80.002
-133.196 599.360 -80.372
-129.814 599.144 -80.695
-126.414 598.924 -80.980
-122.994 598.700 -81.226
-119.555 598.475 -81.433
-116.457 598.271 -81.588
-113.463 598.074 -81.711
-109.975 597.843 -81.823
-106.954 597.643 -81.892
-103.920 597.441 -81.937
-100.874 597.241 -81.954
-97.816 597.043 -81.944
-94.748 596.836 -81.912
-91.667 596.628 -81.849
-88.576 596.420 -81.756
-84.978 596.177 -81.613
-81.866 595.961 -81.460
-78.745 595.739 -81.275
-75.614 595.514 -81.059
-72.475 595.286 -80.810
-69.327 595.055 -80.529
-66.170 594.822 -80.215
-63.008 594.589 -79.870
-59.847 594.354 -79.496
-56.694 594.121 -79.098
-53.550 593.886 -78.682
-50.423 593.652 -78.254
-47.319 593.424 -77.817
-44.239 593.205 -77.380
-41.189 592.994 -76.950
-38.173 592.787 -76.526
-35.187 592.584 -76.113
-32.215 592.383 -75.714
-29.245 592.184 -75.328
-25.813 591.957 -74.903
-22.409 591.736 -74.505
-19.394 591.545 -74.175
-16.178 591.327 -73.845
-12.888 591.101 -73.546
-9.538 590.885 -73.290
-6.344 590.679 -73.086
-3.198 590.473 -72.934
-0.094 590.270 -72.843
2.985 590.070 -72.815
6.153 589.862 -72.859
9.197 589.669 -72.984
12.227 589.485 -73.183
15.252 589.293 -73.452
18.273 589.100 -73.797
21.300 588.906 -74.198
24.338 588.710 -74.647
27.389 588.512 -75.138
30.560 588.302 -75.684
33.637 588.095 -76.252
36.714 587.890 -76.861
39.883 587.679 -77.527
42.932 587.481 -78.204
45.959 587.287 -78.903
48.950 587.098 -79.612
51.898 586.910 -80.321
55.291 586.688 -81.139
58.508 586.486 -81.915
61.648 586.292 -82.671
64.823 586.084 -83.435
67.896 585.880 -84.173
70.954 585.683 -84.908
73.973 585.493 -85.634
77.044 585.298 -86.372
79.989 585.115 -87.074
83.001 584.930 -87.780
86.267 584.724 -88.520
89.614 584.505 -89.228
92.870 584.292 -89.844
96.122 584.085 -90.365
99.106 583.892 -90.753
102.344 583.678 -91.065
105.569 583.468 -91.253
108.946 583.249 -91.317
112.129 583.034 -91.260
115.288 582.812 -91.086
118.421 582.589 -90.792
121.609 582.369 -90.368
124.682 582.162 -89.851
127.809 581.946 -89.219
130.902 581.734 -88.482
133.882 581.545 -87.655
136.910 581.361 -86.705
139.862 581.174 -85.687
142.899 580.972 -84.544
145.861 580.780 -83.333
148.905 580.583 -81.997
151.875 580.385 -80.613
154.610 580.197 -79.275
157.596 579.987 -77.752
160.269 579.787 -76.345
163.038 579.572 -74.847
165.740 579.375 -73.346
168.457 579.174 -71.813
171.279 578.963 -70.202
174.036 578.755 -68.608
176.817 578.540 -66.992
179.712 578.321 -65.311
182.552 578.109 -63.669
185.512 577.888 -61.975
188.420 577.672 -60.331
191.363 577.455 -58.688
194.338 577.238 -57.044
197.068 577.039 -55.545
200.097 576.818 -53.887
202.771 576.624 -52.427
205.442 576.432 -50.971
208.104 576.255 -49.523
210.839 576.069 -48.041
213.828 575.850 -46.434
216.796 575.640 -44.863
219.753 575.446 -43.339
222.450 575.266 -41.995
225.432 575.067 -40.578
228.434 574.861 -39.235
231.550 574.645 -37.943
234.596 574.435 -36.782
237.660 574.222 -35.718
240.833 574.002 -34.722
243.918 573.786 -33.849
246.991 573.570 -33.058
250.136 573.348 -32.317
253.162 573.135 -31.660
256.163 572.916 -31.042
259.230 572.699 -30.432
262.178 572.495 -29.843
265.545 572.253 -29.133
268.798 572.019 -28.377
271.759 571.805 -27.616
274.952 571.538 -26.719
277.863 571.263 -25.817
281.001 570.951 -24.739
284.110 570.628 -23.554
286.949 570.321 -22.372
289.696 570.016 -21.137
292.428 569.709 -19.818
295.205 569.396 -18.388
297.857 569.077 -16.956
300.763 568.708 -15.318
303.362 568.367 -13.793
306.122 567.982 -12.116
308.902 567.589 -10.343
311.543 567.226 -8.613
314.173 566.866 -6.878
316.918 566.500 -5.069
319.635 566.146 -3.294
322.249 565.815 -1.601
325.059 565.469 0.197
327.745 565.158 1.895
330.376 564.867 3.534
333.089 564.586 5.179
335.870 564.314 6.755
338.546 564.064 8.109
341.381 563.800 9.322
344.273 563.538 10.262
347.301 563.288 10.857
350.397 563.025 11.023
353.482 562.764 10.677
356.467 562.500 9.749
359.238 562.221 8.216
361.531 561.932 6.182
363.241 561.614 3.668
364.223 561.267 0.794
364.565 560.902 -2.185
364.389 560.549 -5.298
363.665 560.238 -8.337
362.507 559.966 -11.092
360.991 559.718 -13.734
359.200 559.490 -16.243
357.159 559.270 -18.590
354.926 559.061 -20.787
352.646 558.865 -22.791
350.219 558.660 -24.850
347.825 558.460 -26.903
345.432 558.261 -28.968
343.033 558.042 -31.015
340.618 557.836 -33.024
338.258 557.645 -34.941
335.758 557.447 -36.935
333.285 557.252 -38.879
330.909 557.064 -40.722
328.527 556.878 -42.547
326.024 556.686 -44.441
323.453 556.491 -46.352
320.875 556.299 -48.220
318.419 556.120 -49.939
315.655 555.920 -51.785
312.908 555.724 -53.525
310.287 555.537 -55.109
307.596 555.346 -56.658
304.914 555.155 -58.141
302.098 554.958 -59.640
299.298 554.760 -61.076
296.440 554.557 -62.489
293.442 554.345 -63.906
290.380 554.132 -65.282
287.337 553.917 -66.580
284.228 553.714 -67.828
281.325 553.520 -68.939
278.461 553.319 -69.987
275.552 553.119 -71.006
272.512 552.921 -72.029
269.539 552.724 -72.998
266.564 552.518 -73.943
263.611 552.320 -74.868
260.610 552.122 -75.802
257.743 551.933 -76.693
254.842 551.741 -77.595
251.713 551.531 -78.571
248.501 551.318 -79.576
245.390 551.113 -80.554
242.228 550.902 -81.553
239.175 550.709 -82.528
236.074 550.519 -83.531
233.091 550.331 -84.517
230.077 550.136 -85.545
227.195 549.948 -86.581
224.282 549.756 -87.705
221.492 549.588 -88.866
218.676 549.419 -90.116
215.697 549.227 -91.528
212.998 549.047 -92.893
210.367 548.863 -94.323
207.606 548.665 -95.945
204.861 548.464 -97.698
202.207 548.263 -99.546
199.713 548.067 -101.443
197.318 547.872 -103.427
194.971 547.673 -105.550
192.745 547.477 -107.762
190.650 547.286 -110.064
188.744 547.108 -112.394
186.943 546.931 -114.862
185.313 546.769 -117.405
183.724 546.589 -120.260
182.342 546.405 -123.181
181.171 546.225 -126.160
180.207 546.038 -129.207
179.455 545.859 -132.263
178.853 545.667 -135.476
178.427 545.482 -138.488
178.108 545.283 -141.499
177.887 545.093 -144.582
177.739 544.891 -147.877
177.671 544.684 -151.080
177.667 544.487 -154.098
177.722 544.270 -157.406
177.822 544.073 -160.517
177.955 543.881 -163.558
178.120 543.675 -166.687
178.299 543.471 -169.731
178.492 543.267 -172.844
178.679 543.077 -175.864
178.864 542.894 -178.946
179.048 542.692 -182.318
179.198 542.490 -185.563
179.316 542.284 -188.836
179.392 542.096 -191.983
179.433 541.909 -195.158
179.440 541.722 -198.284
179.413 541.541 -201.361
179.342 541.359 -204.601
179.216 541.180 -207.843
179.022 540.999 -211.000
178.737 540.820 -214.058
178.303 540.619 -217.274
177.707 540.411 -220.387
176.936 540.212 -223.340
175.934 540.004 -226.298
174.759 539.794 -229.061
173.268 539.576 -231.862
171.545 539.372 -234.452
169.607 539.180 -236.811
167.478 539.001 -238.916
164.951 538.814 -240.929
162.421 538.637 -242.573
159.699 538.452 -244.026
156.820 538.261 -245.267
153.802 538.076 -246.280
150.666 537.891 -247.063
147.658 537.707 -247.597
144.475 537.504 -247.962
141.240 537.308 -248.152
138.240 537.119 -248.224
135.014 536.908 -248.253
131.842 536.696 -248.276
128.811 536.490 -248.304
125.713 536.268 -248.330
122.624 536.045 -248.341
119.397 535.819 -248.330
116.190 535.586 -248.295
113.168 535.362 -248.244
109.772 535.113 -248.169
106.749 534.896 -248.090
103.721 534.672 -248.002
100.571 534.437 -247.903
97.375 534.205 -247.794
94.221 533.979 -247.682
90.937 533.744 -247.563
87.695 533.519 -247.446
84.411 533.301 -247.333
81.384 533.102 -247.233
78.107 532.888 -247.138
74.800 532.682 -247.074
71.647 532.495 -247.061
68.484 532.306 -247.109
65.481 532.124 -247.226
62.476 531.954 -247.435
59.322 531.786 -247.772
56.173 531.614 -248.240
53.073 531.433 -248.839
50.091 531.260 -249.557
47.060 531.094 -250.428
44.047 530.935 -251.428
41.144 530.779 -252.523
38.240 530.616 -253.768
35.414 530.451 -255.151
32.720 530.289 -256.652
30.022 530.126 -258.353
27.392 529.968 -260.216
24.889 529.802 -262.175
22.391 529.612 -264.319
20.209 529.435 -266.382
17.920 529.246 -268.778
15.821 529.065 -271.221
13.814 528.892 -273.840
11.950 528.729 -276.578
10.258 528.570 -279.358
8.800 528.416 -282.029
7.360 528.258 -285.009
6.148 528.120 -287.858
5.069 527.983 -290.705
4.053 527.834 -293.701
3.148 527.690 -296.686
2.315 527.544 -299.730
1.533 527.393 -302.915
0.827 527.239 -306.158
0.217 527.087 -309.368
-0.274 526.942 -312.363
-0.730 526.782 -315.670
-1.068 526.638 -318.659
-1.352 526.489 -321.682
-1.599 526.317 -324.830
-1.797 526.139 -328.018
-1.951 525.961 -331.143
-2.084 525.761 -334.396
-2.193 525.554 -337.488
-2.293 525.319 -340.807
-2.375 525.079 -344.061
-2.444 524.827 -347.346
-2.494 524.590 -350.360
-2.537 524.319 -353.705
-2.571 524.030 -357.184
-2.595 523.740 -360.591
-2.611 523.479 -363.611
-2.623 523.212 -366.654
-2.635 522.939 -369.720
-2.643 522.657 -372.809
-2.651 522.377 -375.923
-2.660 522.096 -379.057
-2.668 521.792 -382.322
-2.680 521.491 -385.501
-2.699 521.183 -388.701
-2.721 520.882 -391.926
-2.748 520.603 -395.173
-2.778 520.312 -398.542
-2.810 520.003 -401.792
-2.846 519.680 -405.039
-2.887 519.376 -408.269
-2.935 519.091 -411.473
-2.984 518.802 -414.745
-3.028 518.524 -417.857
-3.066 518.248 -420.908
-3.102 517.972 -423.920
-3.141 517.685 -427.024
-3.184 517.392 -430.297
-3.231 517.121 -433.704
-3.281 516.876 -436.951
-3.332 516.616 -440.142
-3.383 516.337 -443.369
-3.428 516.088 -446.442
-3.472 515.862 -449.462
-3.511 515.637 -452.515
-3.548 515.406 -455.756
-3.582 515.186 -458.966
-3.613 514.969 -462.273
-3.637 514.779 -465.488
-3.648 514.610 -468.559
-3.644 514.416 -471.845
-3.620 514.250 -474.946
-3.583 514.112 -477.997
-3.516 513.990 -481.013
-3.373 513.895 -484.178
-3.099 513.803 -487.246
-2.625 513.694 -490.250
-1.802 513.562 -493.263
-0.530 513.410 -496.051
1.218 513.213 -498.511
3.495 512.950 -500.568
6.216 512.640 -502.063
9.156 512.302 -502.966
12.134 511.950 -503.179
15.154 511.575 -502.657
17.942 511.233 -501.509
20.475 510.934 -499.858
22.725 510.673 -497.781
24.652 510.451 -495.339
26.207 510.264 -492.666
27.395 510.102 -489.887
28.309 509.952 -486.863
28.896 509.821 -483.770
29.193 509.696 -480.662
29.267 509.564 -477.659
29.197 509.417 -474.517
29.056 509.269 -471.467
28.876 509.110 -468.234
28.690 508.942 -464.939
28.540 508.762 -461.870
28.432 508.592 -458.752
28.377 508.429 -455.678
28.384 508.262 -452.530
28.452 508.106 -449.498
28.621 507.951 -446.366
28.923 507.808 -443.278
29.403 507.669 -440.132
30.072 507.558 -437.053
30.953 507.446 -433.981
32.091 507.322 -431.051
33.520 507.206 -428.406
35.321 507.055 -425.964
37.537 506.885 -423.824
40.179 506.672 -422.094
42.986 506.449 -421.038
46.053 506.206 -420.661
49.179 505.967 -420.943
52.115 505.729 -421.834
54.776 505.520 -423.448
56.861 505.340 -425.717
58.178 505.195 -428.411
58.921 505.046 -431.428
59.217 504.911 -434.460
59.212 504.794 -437.516
59.006 504.672 -440.591
58.665 504.563 -443.695
58.224 504.448 -446.815
57.721 504.325 -449.816
57.155 504.177 -452.778
56.511 504.032 -455.798
55.802 503.872 -458.931
55.096 503.714 -461.934
54.354 503.544 -465.039
53.649 503.381 -467.987
52.932 503.208 -471.023
52.228 503.034 -474.078
51.572 502.866 -477.004
50.922 502.699 -479.976
50.278 502.532 -482.997
49.646 502.357 -486.000
49.016 502.186 -489.036
48.412 502.030 -492.003
47.783 501.863 -495.120
47.186 501.698 -498.103
46.580 501.542 -501.159
45.966 501.394 -504.291
45.373 501.257 -507.375
44.847 501.131 -510.367
44.442 501.032 -513.417
44.236 500.931 -516.422
44.286 500.789 -519.453
44.719 500.609 -522.462
45.657 500.392 -525.388
47.164 500.136 -528.094
49.155 499.852 -530.333
51.634 499.541 -532.037
54.444 499.242 -533.163
57.428 498.960 -533.703
60.507 498.680 -533.518
63.410 498.406 -532.508
65.888 498.158 -530.818
67.973 497.937 -528.646
69.703 497.739 -526.084
71.042 497.569 -523.375
72.073 497.424 -520.496
72.794 497.298 -517.504
73.272 497.168 -514.442
73.542 497.024 -511.246
73.670 496.882 -508.100
73.781 496.742 -504.986
73.944 496.601 -501.807
74.161 496.469 -498.760
74.450 496.339 -495.649
74.805 496.217 -492.563
75.206 496.109 -489.561
75.694 495.999 -486.379
76.226 495.907 -483.294
76.846 495.808 -480.161
77.574 495.698 -477.158
78.472 495.585 -474.195
79.511 495.482 -471.356
80.720 495.376 -468.551
82.212 495.255 -465.769
83.954 495.127 -463.321
86.078 494.970 -461.164
88.592 494.782 -459.427
91.457 494.577 -458.197
94.507 494.391 -457.498
97.604 494.232 -457.404
100.613 494.063 -457.973
103.407 493.876 -459.246
105.774 493.699 -461.282
107.446 493.543 -463.807
108.599 493.391 -466.664
109.365 493.246 -469.719
109.813 493.126 -472.728
110.032 493.028 -475.780
110.063 492.946 -478.797
109.898 492.867 -481.916
109.557 492.793 -484.954
109.063 492.714 -487.931
108.409 492.633 -490.940
107.606 492.563 -494.037
106.769 492.494 -496.986
105.872 492.418 -500.025
105.007 492.348 -502.902
104.108 492.274 -505.857
103.201 492.195 -508.822
102.229 492.109 -511.998
101.261 492.011 -515.181
100.385 491.913 -518.083
99.499 491.807 -521.042
98.562 491.683 -524.209
97.681 491.554 -527.270
96.835 491.410 -530.344
96.008 491.250 -533.534
95.234 491.074 -536.732
94.535 490.882 -539.857
93.943 490.689 -542.837
93.414 490.472 -545.974
93.006 490.241 -549.117
92.733 490.000 -552.335
92.621 489.751 -555.544
92.677 489.497 -558.751
92.894 489.231 -561.984
93.263 488.962 -565.166
93.806 488.684 -568.451
94.484 488.406 -571.676
95.225 488.131 -574.683
96.071 487.845 -577.708
96.987 487.563 -580.672
97.980 487.273 -583.657
99.066 486.958 -586.748
100.186 486.641 -589.785
101.367 486.319 -592.847
102.505 486.014 -595.682
103.658 485.708 -598.453
104.898 485.387 -601.328
106.148 485.077 -604.137
107.440 484.768 -606.968
108.804 484.452 -609.912
110.146 484.149 -612.801
111.501 483.847 -615.722
112.905 483.546 -618.761
114.264 483.278 -621.713
115.660 483.023 -624.744
116.958 482.784 -627.563
118.317 482.536 -630.508
119.668 482.298 -633.426
120.960 482.078 -636.210
122.223 481.865 -638.927
123.599 481.636 -641.879
124.969 481.419 -644.799
126.254 481.213 -647.538
127.530 480.998 -650.250
128.859 480.771 -653.062
130.169 480.559 -655.823
131.458 480.369 -658.529
132.748 480.168 -661.231
134.105 479.952 -664.067
135.444 479.743 -666.861
136.832 479.533 -669.731
138.259 479.324 -672.621
139.658 479.119 -675.375
141.091 478.918 -678.108
142.637 478.744 -680.904
144.215 478.590 -683.504
146.063 478.420 -686.093
148.122 478.251 -688.372
150.514 478.076 -690.350
153.129 477.899 -691.881
156.002 477.727 -692.928
159.016 477.564 -693.385
162.024 477.409 -693.170
164.925 477.245 -692.265
167.577 477.058 -690.838
170.041 476.851 -688.929
172.088 476.644 -686.637
173.698 476.439 -683.935
174.831 476.230 -680.997
175.509 476.017 -677.946
175.808 475.807 -674.802
175.802 475.615 -671.713
175.555 475.412 -668.509
175.158 475.202 -665.335
174.718 474.996 -662.264
174.299 474.804 -659.274
173.886 474.603 -656.156
173.501 474.408 -653.154
173.105 474.208 -650.044
172.697 474.005 -646.826
172.318 473.814 -643.792
171.918 473.607 -640.510
171.543 473.407 -637.338
171.200 473.215 -634.249
170.891 473.038 -631.251
170.606 472.838 -628.154
170.397 472.647 -625.012
170.316 472.470 -621.992
170.393 472.314 -618.972
170.645 472.180 -615.838
171.070 472.075 -612.854
171.831 471.967 -609.794
173.010 471.861 -606.987
174.684 471.754 -604.485
176.865 471.627 -602.391
179.446 471.496 -600.841
182.305 471.359 -599.842
185.396 471.204 -599.498
188.461 471.074 -599.818
191.406 470.994 -600.810
194.015 470.944 -602.403
196.271 470.906 -604.460
198.246 470.874 -606.893
199.938 470.826 -609.501
201.403 470.742 -612.224
202.654 470.614 -614.977
203.792 470.453 -617.971
204.739 470.254 -620.917
205.549 470.031 -623.817
206.299 469.786 -626.872
206.938 469.567 -629.833
207.556 469.324 -632.974
208.129 469.091 -636.110
208.678 468.861 -639.145
209.271 468.615 -642.264
209.931 468.348 -645.455
210.609 468.091 -648.429
211.364 467.816 -651.451
212.189 467.528 -654.440
213.107 467.229 -657.463
214.159 466.905 -660.585
215.214 466.613 -663.397
216.363 466.318 -666.174
217.717 466.003 -669.149
219.236 465.680 -672.180
220.683 465.393 -674.836
222.273 465.095 -677.547
223.920 464.801 -680.169
225.716 464.497 -682.838
227.566 464.198 -685.407
229.515 463.892 -687.945
231.619 463.568 -690.515
233.831 463.244 -693.042
236.092 462.938 -695.452
238.453 462.639 -697.815
240.699 462.363 -699.956
242.946 462.092 -702.013
245.255 461.823 -704.053
247.688 461.547 -706.144
250.084 461.277 -708.156
252.563 460.984 -710.204
254.959 460.718 -712.152
257.328 460.483 -714.056
259.996 460.212 -716.187
262.545 459.941 -718.208
265.047 459.676 -720.188
267.542 459.404 -722.162
269.952 459.137 -724.071
272.450 458.860 -726.052
274.905 458.587 -728.005
277.262 458.323 -729.894
279.731 458.048 -731.897
282.277 457.754 -734.000
284.660 457.472 -736.029
286.922 457.194 -738.049
289.249 456.916 -740.242
291.411 456.683 -742.370
293.503 456.461 -744.594
295.498 456.230 -747.032
297.262 456.008 -749.651
298.720 455.787 -752.389
299.891 455.556 -755.189
300.828 455.309 -758.156
301.466 455.049 -761.203
301.819 454.768 -764.332
301.895 454.495 -767.327
301.653 454.220 -770.443
301.023 453.955 -773.427
299.914 453.680 -776.312
298.292 453.425 -778.933
296.229 453.203 -781.181
293.805 453.012 -783.179
291.163 452.850 -784.910
288.382 452.705 -786.371
285.608 452.577 -787.525
282.733 452.467 -788.478
279.662 452.367 -789.290
276.684 452.274 -789.940
273.675 452.179 -790.484
270.531 452.089 -790.949
267.507 452.006 -791.324
264.375 451.922 -791.663
261.140 451.840 -791.986
258.078 451.757 -792.280
254.928 451.688 -792.575
251.704 451.623 -792.875
248.692 451.555 -793.153
245.691 451.489 -793.429
242.556 451.427 -793.715
239.440 451.375 -794.003
236.199 451.327 -794.308
232.955 451.267 -794.620
229.763 451.199 -794.938
226.757 451.150 -795.253
223.396 451.106 -795.625
220.399 451.058 -795.979
217.284 451.008 -796.376
214.221 450.963 -796.807
211.048 450.905 -797.304
207.932 450.843 -797.856
204.709 450.790 -798.506
201.555 450.749 -799.219
198.383 450.701 -800.003
195.450 450.654 -800.783
192.502 450.603 -801.614
189.626 450.544 -802.470
186.734 450.479 -803.374
183.826 450.427 -804.329
180.825 450.392 -805.351
177.932 450.355 -806.361
175.093 450.298 -807.370
171.906 450.203 -808.527
168.883 450.122 -809.666
165.849 450.080 -810.853
162.990 450.052 -811.994
160.131 449.997 -813.153
157.141 449.917 -814.383
154.186 449.847 -815.622
151.339 449.795 -816.840
148.405 449.743 -818.124
145.535 449.686 -819.410
142.585 449.621 -820.767
139.743 449.556 -822.124
137.017 449.506 -823.475
134.260 449.460 -824.900
131.517 449.415 -826.444
128.925 449.358 -828.123
126.439 449.292 -830.051
124.170 449.221 -832.266
122.309 449.137 -834.664
120.820 449.034 -837.376
119.826 448.918 -840.260
119.270 448.775 -843.317
119.144 448.624 -846.336
119.440 448.478 -849.333
120.180 448.316 -852.293
121.346 448.115 -855.124
122.925 447.877 -857.788
124.913 447.638 -860.222
127.149 447.416 -862.296
129.670 447.188 -864.114
132.463 446.946 -865.628
135.286 446.720 -866.735
138.174 446.494 -867.523
141.204 446.268 -868.059
144.182 446.056 -868.364
147.358 445.823 -868.535
150.369 445.612 -868.619
153.428 445.404 -868.663
156.659 445.184 -868.678
159.726 444.973 -868.670
162.883 444.751 -868.643
166.130 444.521 -868.606
169.388 444.294 -868.567
172.499 444.070 -868.535
175.680 443.841 -868.511
178.846 443.610 -868.490
182.152 443.367 -868.467
185.195 443.146 -868.439
188.498 442.899 -868.398
191.575 442.666 -868.345
194.696 442.432 -868.279
197.777 442.195 -868.201
200.905 441.955 -868.107
204.164 441.719 -867.993
207.464 441.472 -867.862
210.723 441.213 -867.718
214.027 440.957 -867.553
217.465 440.696 -867.358
220.487 440.468 -867.166
223.634 440.235 -866.948
226.721 440.003 -866.714
229.840 439.767 -866.459
233.085 439.514 -866.174
236.269 439.265 -865.875
239.486 439.027 -865.550
242.730 438.796 -865.205
246.101 438.538 -864.831
249.504 438.267 -864.437
252.837 437.999 -864.030
256.196 437.724 -863.599
259.172 437.479 -863.202
262.170 437.234 -862.790
265.189 436.988 -862.361
268.334 436.729 -861.902
271.392 436.462 -861.448
274.470 436.176 -860.981
277.571 435.885 -860.500
280.803 435.595 -859.987
283.839 435.337 -859.496
287.110 435.055 -858.959
290.293 434.777 -858.429
293.496 434.505 -857.887
296.711 434.227 -857.337
300.038 433.931 -856.765
303.263 433.645 -856.201
306.391 433.377 -855.641
309.760 433.096 -855.033
313.036 432.818 -854.441
316.330 432.539 -853.842
319.643 432.259 -853.240
322.975 431.973 -852.636
325.979 431.716 -852.093
329.233 431.440 -851.509
332.272 431.190 -850.968
335.560 430.918 -850.386
338.629 430.656 -849.846
341.596 430.403 -849.328
344.578 430.155 -848.808
347.573 429.911 -848.285
350.582 429.669 -847.760
353.602 429.419 -847.233
356.637 429.161 -846.702
360.175 428.862 -846.086
363.241 428.611 -845.555
366.321 428.367 -845.024
369.411 428.113 -844.494
372.516 427.849 -843.964
375.637 427.593 -843.432
378.770 427.345 -842.899
381.914 427.089 -842.363
385.073 426.833 -841.823
388.248 426.601 -841.276
391.435 426.403 -840.719
394.635 426.236 -840.157
397.845 426.085 -839.593
401.066 425.942 -839.023
404.298 425.808 -838.450
407.541 425.692 -837.875
410.792 425.586 -837.297
414.054 425.483 -836.717
417.326 425.388 -836.135
420.605 425.292 -835.550
423.896 425.195 -834.963
427.191 425.106 -834.376
430.480 425.014 -833.787
433.762 424.910 -833.196
437.028 424.803 -832.603
440.265 424.688 -832.013
443.472 424.559 -831.428
446.637 424.430 -830.846
449.775 424.303 -830.266
452.896 424.166 -829.686
456.115 424.009 -829.089
459.537 423.823 -828.453
462.547 423.651 -827.895
465.515 423.472 -827.345
468.901 423.259 -826.719
472.335 423.035 -826.085
475.480 422.828 -825.504
478.789 422.605 -824.891
481.932 422.388 -824.303
485.019 422.172 -823.720
488.050 421.952 -823.137
491.025 421.737 -822.546
494.438 421.484 -821.843
497.676 421.233 -821.147
500.834 420.992 -820.430
504.051 420.740 -819.655
507.162 420.496 -818.860
510.249 420.257 -818.047
513.386 420.007 -817.219
516.379 419.774 -816.429
519.312 419.547 -815.655
522.606 419.280 -814.774
525.721 419.018 -813.907
528.819 418.754 -812.990
531.733 418.502 -812.052
534.614 418.255 -811.028
537.667 417.988 -809.821
540.518 417.728 -808.563
543.286 417.482 -807.173
546.146 417.234 -805.524
548.835 416.996 -803.731
551.280 416.792 -801.829
553.602 416.600 -799.746
555.754 416.396 -797.536
557.722 416.198 -795.207
559.498 416.004 -792.774
561.200 415.806 -790.027
562.644 415.604 -787.247
563.919 415.371 -784.272
564.938 415.127 -781.285
565.706 414.879 -778.308
566.288 414.619 -775.217
566.761 414.348 -772.060
567.106 414.093 -769.036
567.352 413.832 -765.953
567.399 413.566 -762.879
567.201 413.293 -759.833
566.963 413.009 -756.707
566.857 412.756 -753.554
566.733 412.528 -750.475
566.407 412.274 -747.254
565.833 412.041 -744.263
564.980 411.803 -741.290
563.820 411.547 -738.320
562.368 411.326 -735.505
560.627 411.137 -732.827
558.742 410.945 -730.402
556.672 410.749 -728.143
554.397 410.567 -726.009
551.957 410.391 -723.964
549.574 410.216 -722.096
547.076 410.041 -720.229
544.480 409.884 -718.346
542.028 409.738 -716.580
539.566 409.582 -714.775
536.999 409.419 -712.807
534.660 409.266 -710.900
532.401 409.103 -708.930
530.055 408.928 -706.704
527.829 408.755 -704.386
525.826 408.577 -702.123
523.824 408.371 -699.675
521.898 408.162 -697.073
520.113 407.975 -694.364
518.475 407.782 -691.559
517.105 407.586 -688.893
515.883 407.389 -686.143
514.804 407.186 -683.322
513.791 406.958 -680.168
513.026 406.763 -677.252
512.374 406.553 -674.205
511.843 406.327 -671.091
511.430 406.091 -667.894
511.128 405.858 -664.606
510.929 405.638 -661.607
510.779 405.386 -658.468
510.680 405.126 -655.260
510.619 404.864 -652.067
510.584 404.613 -649.055
510.563 404.354 -645.995
510.550 404.095 -642.971
510.535 403.826 -639.932
510.515 403.562 -636.799
510.491 403.315 -633.676
510.468 403.072 -630.656
510.448 402.806 -627.367
510.437 402.553 -624.070
510.432 402.320 -620.861
510.434 402.110 -617.815
510.451 401.922 -614.784
510.495 401.728 -611.561
510.586 401.552 -608.430
510.744 401.420 -605.390
511.008 401.296 -602.183
511.398 401.180 -599.075
511.939 401.064 -596.072
512.699 400.932 -592.949
513.669 400.802 -589.890
514.776 400.678 -587.039
516.056 400.546 -584.229
517.522 400.397 -581.484
519.141 400.225 -578.927
520.979 400.046 -576.494
523.043 399.869 -574.180
525.301 399.675 -571.986
527.755 399.468 -569.934
530.206 399.280 -568.189
532.810 399.088 -566.605
535.523 398.886 -565.217
538.312 398.680 -564.054
541.209 398.466 -563.108
544.227 398.251 -562.380
547.362 398.033 -561.861
550.584 397.799 -561.545
553.805 397.558 -561.456
557.010 397.327 -561.613
560.224 397.103 -562.022
563.401 396.887 -562.668
566.591 396.664 -563.562
569.597 396.449 -564.636
572.356 396.256 -565.841
575.036 396.067 -567.224
577.650 395.875 -568.784
580.202 395.684 -570.519
582.714 395.489 -572.419
585.150 395.295 -574.430
587.415 395.110 -576.425
589.685 394.919 -578.517
591.920 394.733 -580.634
594.240 394.530 -582.861
596.598 394.309 -585.140
598.942 394.100 -587.411
601.151 393.909 -589.549
603.390 393.706 -591.716
605.579 393.493 -593.829
607.765 393.278 -595.931
610.003 393.063 -598.069
612.453 392.839 -600.386
614.814 392.640 -602.585
617.207 392.442 -604.764
619.528 392.254 -606.813
621.960 392.075 -608.867
624.513 391.888 -610.906
626.917 391.703 -612.693
629.543 391.487 -614.477
632.358 391.255 -616.182
635.125 391.036 -617.650
638.035 390.807 -618.992
641.023 390.575 -620.189
644.081 390.338 -621.246
647.204 390.100 -622.150
650.387 389.870 -622.890
653.563 389.633 -623.469
656.590 389.404 -623.878
659.599 389.185 -624.146
662.729 388.964 -624.293
665.900 388.740 -624.313
669.029 388.529 -624.200
672.258 388.315 -623.949
675.504 388.094 -623.562
678.684 387.877 -623.044
681.630 387.672 -622.439
684.875 387.441 -621.622
688.082 387.217 -620.641
691.153 387.006 -619.531
693.934 386.812 -618.370
696.858 386.603 -616.975
699.494 386.412 -615.547
702.265 386.206 -613.861
704.777 386.009 -612.170
707.496 385.789 -610.155
710.051 385.594 -608.055
712.330 385.417 -606.017
714.772 385.200 -603.659
716.853 385.008 -601.468
718.915 384.824 -599.107
720.854 384.643 -596.710
722.727 384.456 -594.220
724.580 384.261 -591.566
726.314 384.067 -588.894
728.027 383.861 -586.064
729.636 383.650 -583.230
731.072 383.443 -580.563
732.592 383.208 -577.595
733.954 382.995 -574.808
735.251 382.784 -572.058
736.529 382.567 -569.261
737.789 382.353 -566.421
739.080 382.123 -563.457
740.334 381.893 -560.542
741.632 381.666 -557.503
742.904 381.442 -554.526
744.195 381.211 -551.522
745.506 380.976 -548.494
746.719 380.755 -545.721
748.079 380.513 -542.650
749.471 380.275 -539.562
750.758 380.058 -536.761
752.193 379.817 -533.699
753.639 379.580 -530.680
755.135 379.344 -527.623
756.581 379.119 -524.719
758.054 378.890 -521.797
759.461 378.673 -519.043
761.006 378.444 -516.071
762.593 378.214 -513.080
764.148 377.989 -510.198
765.734 377.761 -507.305
767.257 377.557 -504.580
768.792 377.363 -501.876
770.409 377.148 -499.062
772.035 376.935 -496.302
773.597 376.745 -493.729
775.315 376.545 -490.977
776.999 376.357 -488.360
778.654 376.178 -485.864
780.467 375.993 -483.229
782.301 375.828 -480.650
784.101 375.663 -478.198
786.022 375.484 -475.738
788.000 375.328 -473.471
790.130 375.181 -471.359
792.448 375.021 -469.427
795.009 374.842 -467.730
797.813 374.657 -466.399
800.829 374.457 -465.539
803.878 374.243 -465.238
806.908 374.019 -465.500
809.863 373.777 -466.320
812.606 373.524 -467.544
815.261 373.299 -469.090
817.677 373.126 -470.883
819.920 372.987 -472.974
821.936 372.868 -475.305
823.658 372.758 -477.778
825.183 372.641 -480.545
826.440 372.514 -483.452
827.474 372.402 -486.383
828.375 372.296 -489.387
829.147 372.188 -492.441
829.789 372.074 -495.587
830.263 371.953 -498.625
830.617 371.808 -501.778
830.837 371.653 -504.777
830.964 371.499 -507.873
831.041 371.350 -511.060
831.122 371.210 -514.258
831.230 371.085 -517.312
831.379 370.946 -520.426
831.572 370.784 -523.600
831.810 370.620 -526.757
832.108 370.451 -530.046
832.466 370.275 -533.382
832.880 370.091 -536.643
833.320 369.899 -539.673
833.812 369.678 -542.656
834.380 369.440 -545.668
835.047 369.181 -548.789
835.782 368.921 -551.853
836.623 368.647 -555.023
837.520 368.363 -558.131
838.417 368.101 -561.009
839.509 367.833 -564.246
840.520 367.619 -567.073
841.572 367.389 -569.917
842.696 367.129 -572.869
843.831 366.860 -575.755
845.017 366.591 -578.660
846.293 366.319 -581.669
847.582 366.057 -584.605
848.916 365.799 -587.558
850.292 365.540 -590.526
851.755 365.279 -593.604
853.212 365.043 -596.606
854.730 364.804 -599.694
856.204 364.595 -602.659
857.651 364.414 -605.554
859.072 364.234 -608.383
860.509 364.044 -611.237
861.888 363.862 -613.964
863.433 363.675 -617.010
864.881 363.515 -619.868
866.274 363.352 -622.624
867.644 363.192 -625.348
869.090 363.040 -628.231
870.473 362.896 -630.984
871.888 362.750 -633.792
873.265 362.610 -636.504
874.718 362.454 -639.318
876.192 362.297 -642.118
877.669 362.152 -644.894
879.134 362.011 -647.597
880.636 361.878 -650.244
882.265 361.763 -652.853
884.009 361.652 -655.294
886.001 361.526 -657.631
888.273 361.387 -659.730
890.775 361.230 -661.446
893.573 361.039 -662.756
896.629 360.816 -663.537
899.739 360.587 -663.645
902.738 360.356 -663.049
905.563 360.103 -661.908
908.190 359.845 -660.300
910.516 359.595 -658.305
912.538 359.350 -656.016
914.281 359.117 -653.510
915.749 358.900 -650.830
916.972 358.706 -648.036
918.050 358.514 -645.081
919.006 358.352 -642.094
919.909 358.189 -639.019
920.730 358.007 -636.051
921.549 357.800 -632.938
922.290 357.591 -630.033
923.018 357.369 -627.117
923.768 357.123 -624.076
924.539 356.863 -620.903
925.285 356.609 -617.794
925.989 356.355 -614.819
926.711 356.093 -611.725
927.403 355.841 -608.711
928.112 355.594 -605.580
928.808 355.373 -602.470
929.465 355.175 -599.532
930.130 354.979 -596.560
930.804 354.784 -593.556
931.471 354.606 -590.592
932.163 354.436 -587.527
932.862 354.273 -584.433
933.554 354.128 -581.386
934.269 353.987 -578.242
934.988 353.851 -575.084
935.689 353.736 -572.014
936.406 353.630 -568.889
937.118 353.524 -565.800
937.801 353.425 -562.843
938.486 353.336 -559.896
939.229 353.248 -556.775
939.969 353.175 -553.835
940.787 353.116 -550.896
941.718 353.050 -547.970
942.769 352.986 -545.127
944.036 352.944 -542.202
945.440 352.901 -539.321
946.899 352.847 -536.563
948.444 352.806 -533.885
950.081 352.772 -531.301
951.843 352.732 -528.766
953.670 352.697 -526.386
955.740 352.668 -523.965
957.910 352.643 -521.693
960.215 352.613 -519.533
962.579 352.585 -517.575
965.039 352.570 -515.800
967.627 352.554 -514.195
970.430 352.536 -512.737
973.349 352.525 -511.520
976.273 352.509 -510.603
979.274 352.496 -509.993
982.407 352.497 -509.731
985.531 352.510 -509.862
988.495 352.559 -510.387
991.381 352.638 -511.304
994.136 352.741 -512.598
996.664 352.880 -514.231
999.019 353.062 -516.239
1001.058 353.266 -518.456